3.98202
10.81162
5.35314
5.42439
7.96114
4.70184
7.88742
4.93185
8.29220
3.34613
9.41282
7.27758
4.65723
8.35841
6.53356
5.32658
6.58090
5.52731
4.83969
6.88834
4.36049
7.52175
5.90941
4.71065
3.72175
4.27004
6.42492
8.00234
3.70385
5.92162
4.23277
5.77319
6.46125
8.00103
4.41404
4.93483
3.48118
5.97640
3.18668
9.69850
4.37690
8.56590
8.90264
6.06243
7.55569
5.68699
4.44726
3.51524
8.03938
8.66716
5.77085
7.26083
5.94004
4.97058
8.65537
6.22381
3.44743
8.14835
4.06776
5.72276
5.37871
5.27822
7.46531
6.78435
9.11633
8.76088
5.42110
5.37089
6.09483
7.18018
3.16378
9.08686
5.68756
4.63911
9.40315
5.46456
5.56186
3.23261
9.50707
7.68461
9.93768
5.53329
7.06299
3.71567
4.48376
4.30406
7.55888
6.14127
4.00589
7.33648
8.83239
7.44950
4.76225
7.53265
3.64984
8.26752
7.53265
6.07331
6.72406
8.30049
5.52837
5.44693
6.38287
9.31512
8.05973
8.57383
7.29826
3.79229
4.14130
3.35463
3.52699
7.77345
8.88100
5.52299
6.62124
4.39137
3.93270
3.93812
3.93812
4.11164
4.34657
5.02996
4.31008
3.29589
13.36127
5.17151
7.01440
7.24375
9.51730
4.26567
4.16865
9.91937
3.98929
4.25872
8.36363
7.53460
8.02369
9.46561
11.06514
7.64028
5.49677
8.78654
4.70947
8.10137
4.90636
6.73873
5.02928
5.74404
6.90956
8.27500
6.97139
6.66930
7.32035
4.39065
5.91925
5.92306
7.69804
4.63801
3.14271
3.77838
3.52980
5.33694
3.29973
10.20011
7.47278
5.85928
4.23214
4.72938
7.25435
4.13291
4.48007
7.10818
8.14971
11.47767
5.72276
3.49754
6.98354
6.59218
3.95427
4.51643
3.57479
4.59678
6.96432
7.30721
7.84774
3.60718
5.65962
4.33137
3.52581
7.51564
5.04631
3.61497
4.92321
7.96753
3.94552
3.77794
9.44637
5.78085
8.81727
8.71929
4.21138
8.69190
5.91628
10.08896
8.48502
7.88245
5.15630
6.59520
5.92334
5.44544
9.10754
3.33216
3.76743
3.28373
5.31526
5.46881
5.39265
3.25116
5.05238
4.83125
5.95337
5.09606
8.79096
8.86943
8.90373
9.80967
8.17385
3.92737
5.68904
3.88791
4.06560
8.17740
4.24850
8.70383
6.92279
7.04198
3.35053
3.86994
3.12066
6.76013
4.93189
6.01281
4.78455
5.62988
8.01245
8.06072
6.00104
7.96116
8.24595
6.97605
4.69663
8.16095
7.70495
4.54863
5.66016
8.95222
6.34295
5.35336
6.08332
4.53294
5.54866
8.34434
3.60517
3.30215
3.77295
8.51151
9.47229
7.86451
4.72492
5.83303
5.76659
5.45703
9.09404
9.76362
7.07225
3.75107
4.27161
3.38149
8.35383
7.93037
7.51358
8.85870
7.38497
9.34997
8.19434
7.98345
4.07519
4.61009
3.66923
6.01996
7.73127
7.86092
4.44204
7.94940
7.16455
6.27993
6.86388
6.09121
5.59130
7.29399
4.23661
3.72987
3.58727
3.59963
5.38686
7.57057
6.67767
6.08891
7.76450
9.87421
8.96624
4.74191
6.26197
6.23192
6.53231
3.51070
3.05474
8.65555
6.31597
7.59692
4.57371
6.69737
7.82392
5.41379
7.98601
4.77979
3.36253
9.34301
8.20631
6.88611
4.41304
8.05848
6.10523
4.74970
8.92840
4.44200
7.15088
5.79565
5.95564
6.00185
4.16775
5.61252
7.29296
10.51522
11.78164
3.98849
6.53826
8.06445
5.37929
6.91669
7.33983
9.33259
8.48962
8.31858
6.75901
4.14740
7.34691
5.93895
3.92466
3.35196
3.13092
4.86764
6.03855
9.19504
3.31530
4.81024
6.33131
4.90555
4.50105
4.91687
6.21595
4.89077
5.04564
4.75599
4.44226
4.61078
7.02916
9.47599
5.88607
3.56854
7.10726
4.66093
4.53330
7.75224
7.46586
5.91967
3.50455
7.73652
4.15713
7.78632
4.18252
5.74523
6.66363
7.01440
7.01440
7.01440
9.47147
7.39548
6.89280
3.12798
6.81929
6.14879
8.41005
5.93326
6.46578
5.19404
4.59539
4.65860
6.46009
3.26169
6.08320
4.04806
4.21702
6.85421
5.34284
4.83745
8.01131
8.01131
6.09310
8.02782
7.16869
3.40762
7.62600
7.19802
8.03784
4.68616
5.75246
9.30574
7.36239
3.13817
5.05138
8.79546
7.85141
3.53370
3.44115
6.44757
3.21994
8.72650
3.50178
7.58257
8.41112
11.84178
10.94593
6.79603
4.52277
10.50744
6.73935
3.85818
12.17993
10.12301
7.50361
9.47884
11.24744
8.97878
10.10333
7.37176
4.39566
4.06355
3.71729
6.75426
4.50458
7.14086
7.51862
4.33485
6.81219
7.68682
8.24809
7.21091
7.87891
8.75614
9.56990
8.02239
4.04829
8.27497
7.77266
10.38349
6.52602
3.68968
6.91411
5.58733
8.68842
6.48833
6.26693
5.59996
4.60824
5.47900
7.46693
4.82163
4.15488
5.68476
6.38487
4.69974
4.46895
3.88900
7.54277
11.04008
6.42531
9.99324
5.89351
6.87574
8.71700
7.27004
7.42910
5.49690
8.63762
3.97715
3.45316
5.62056
3.36777
3.78515
4.21374
6.35183
8.08313
6.53777
5.91977
6.85340
9.62866
5.00971
3.52948
7.15848
6.59362
10.06960
3.27790
3.80166
7.53678
7.91842
7.91346
4.69542
8.20723
9.53303
6.62961
7.44456
4.45194
8.77850
8.27522
7.73655
5.25303
6.52294
3.14999
4.74526
5.32964
4.17474
7.91665
3.72415
7.66994
7.62878
7.34581
6.62499
4.83412
9.44276
3.15929
9.05172
8.02016
11.34587
9.09165
8.89864
8.11821
8.06094
9.15230
7.89174
6.28719
8.08313
7.48474
6.01324
3.81294
5.27749
9.88761
6.78932
6.44654
4.23675
7.15906
8.95881
6.40397
6.67092
4.22801
7.04417
5.11568
9.36071
6.12956
4.51176
4.87810
6.53491
5.07147
7.83560
3.34223
8.25505
6.62974
10.69601
4.98835
6.39247
7.86385
8.03559
4.79902
5.80754
5.78288
6.14793
6.91183
8.04762
9.19328
8.24233
4.48782
7.39837
8.44066
9.23255
6.41982
6.86842
6.37499
6.10343
6.20108
7.46041
6.61522
8.58699
7.39053
6.59266
8.30190
3.15833
4.99312
7.87027
7.91720
4.71044
7.94566
3.50420
9.06481
10.94550
7.49822
10.81883
10.17451
6.97368
6.77805
6.37133
4.61391
7.25774
8.55714
5.80356
6.02439
5.51664
5.92530
10.12039
10.69231
11.28602
10.74291
7.33790
10.71301
10.26598
8.16203
4.89268
6.17711
6.09497
5.96201
4.49656
5.52397
4.70679
4.46236
4.14642
4.52668
3.71645
5.68630
6.85926
8.06424
7.87510
8.48072
7.35474
4.06608
4.54112
8.49417
3.28278
6.73583
4.64223
6.86806
4.32042
6.79020
7.11485
7.92656
3.88617
3.05551
4.25023
8.33616
7.13374
4.28735
4.94166
4.87725
8.39952
4.05700
3.84185
3.70101
7.10831
3.94347
7.02037
7.24630
9.15864
8.93693
3.85578
5.89913
4.10268
9.14161
6.74229
7.00334
9.50439
6.62929
4.81108
7.39283
8.29862
8.89627
7.56143
7.01642
7.01642
5.52935
8.09197
8.51539
8.35554
11.35880
6.16661
7.05884
6.36110
3.92234
8.42737
6.40939
4.07019
7.94472
6.80130
7.20691
7.43725
4.32575
8.00904
5.71874
10.03051
7.07824
7.65513
6.53384
7.25792
9.13080
7.29512
8.50562
5.00022
3.84825
9.51410
8.15246
4.02388
8.25965
5.48794
5.08252
10.28900
3.83850
3.65490
10.14456
4.58502
10.58013
4.04830
7.55561
5.41855
6.74109
3.89811
4.26756
6.83960
7.96612
6.58395
3.85931
3.64916
12.20699
10.94141
10.84569
8.69889
12.32649
11.76709
9.22492
10.68814
10.94087
11.52643
10.81595
10.93855
11.29203
10.97634
8.37936
6.01506
8.38568
9.76885
8.08556
7.59012
4.71985
4.60429
10.41436
9.66480
9.41083
8.48660
7.85984
10.47481
4.87357
8.98671
6.90989
7.49896
9.23941
9.99738
10.81980
4.28714
8.70577
6.46743
4.86011
6.50531
6.80008
4.51365
9.41075
9.23007
8.09094
7.52413
3.23178
7.00666
8.18405
10.38178
7.20922
5.72326
4.92124
3.15607
6.47178
4.09160
8.71015
7.67559
9.53769
7.22500
9.62621
7.14845
4.69300
7.21317
4.43070
4.46599
5.97543
3.79578
6.23575
3.96667
6.72039
8.79542
7.26622
5.82898
10.25947
13.76023
6.26615
3.48799
3.08150
3.97216
3.47662
5.09430
5.74512
7.20147
6.89791
5.58915
5.82250
4.98218
5.13571
5.61999
6.61200
8.65476
7.26433
8.97823
3.50269
6.40076
5.64317
5.85238
3.78341
5.26745
9.12523
6.16264
8.64361
4.15073
5.16828
7.24609
8.01052
7.40119
8.46799
4.25810
8.98821
9.79301
3.32516
6.34816
6.50771
4.74816
4.23763
5.52176
6.20611
6.73499
8.69695
8.09509
5.32275
8.75732
7.47459
8.46058
4.43765
6.14427
9.13785
7.18783
6.33689
7.94617
8.78568
6.47927
5.79551
8.11982
6.15577
6.03848
6.94877
6.40917
6.02234
4.92308
4.67937
6.83639
6.45272
4.62924
6.71672
9.96985
6.26565
4.59607
9.21569
5.70769
5.37668
4.62077
5.75237
6.84282
3.69954
7.61995
6.50596
6.88084
8.60006
7.84385
6.18078
5.17298
8.43230
5.20736
4.21638
4.83771
7.31292
5.50871
10.75972
7.27731
6.18111
5.46556
7.43587
7.93397
6.40828
7.67498
3.60561
6.57038
7.06678
6.37305
7.88720
6.51178
8.67615
3.90819
5.72332
3.58303
8.55761
4.65496
5.11470
5.14293
8.60416
5.34718
4.42946
8.06580
4.19685
3.80492
5.50228
8.10654
5.43757
9.35675
8.34626
5.08070
5.10265
4.95637
7.14376
7.60991
7.50397
6.62476
6.91138
7.24371
10.23695
8.26242
7.80118
5.42655
8.62171
4.32129
7.22833
7.07576
7.92188
7.50411
7.13721
8.50126
5.03735
9.87667
5.54694
3.90943
3.90195
4.87045
5.50497
3.82141
5.27664
3.86499
3.91646
5.10303
4.45600
3.36034
7.77579
3.37935
5.42836
8.98509
3.68492
3.62295
5.67947
5.89192
8.35235
9.59886
9.16390
7.38676
7.50726
8.98807
6.43349
7.59654
6.95078
3.45232
8.28797
3.46599
6.01108
6.39070
4.73723
4.51035
7.55875
8.41856
8.88358
8.70799
6.21943
8.22207
3.51697
7.86980
3.46522
7.61012
5.51508
7.58661
3.80769
4.24228
6.65722
7.61089
7.79775
3.54970
3.75576
5.60190
8.16986
8.62921
7.19715
3.83781
7.92414
5.47045
9.86217
8.32361
9.17985
5.37619
8.78576
3.90030
5.56134
11.30406
10.46664
8.21666
7.83664
3.43335
6.18933
3.95320
7.98126
5.10864
8.77671
8.97863
7.69852
4.32045
4.74992
4.94424
8.60048
9.50275
4.96288
7.85592
5.58676
10.09088
10.69909
8.50723
3.49981
7.04692
6.03132
3.09129
5.29562
4.84746
7.11022
10.43272
7.31555
6.88542
7.79396
6.63756
11.04865
10.77800
5.59552
9.41460
7.66722
6.92542
3.51615
8.87392
5.83811
6.30122
9.03138
8.41367
7.06737
8.54332
5.06881
8.09491
8.74817
7.75640
7.53531
4.73003
8.54539
10.15862
9.97435
6.21064
9.46049
7.52808
10.94939
7.45338
4.37177
5.68255
7.16235
5.86899
8.37994
3.87421
7.13041
5.99721
6.42413
11.07778
8.50188
7.89318
8.04634
4.91848
4.03710
5.33295
6.03122
3.92578
3.09182
3.86507
7.06704
4.77117
4.78675
6.29224
9.22193
4.37978
3.88146
4.14192
8.78715
3.03945
6.30440
6.18125
7.83269
7.57449
5.32972
4.74165
5.51791
5.82890
5.60706
8.10299
3.56639
3.86942
4.43480
4.97459
5.04144
5.60213
5.05577
5.37961
9.50046
5.73286
6.91192
3.78590
4.73047
3.91893
5.27044
4.91648
3.64693
4.36392
3.59368
4.23056
4.06050
4.87862
4.87593
3.92220
4.81307
4.43418
4.25262
6.93524
3.62095
4.44806
3.63323
3.53203
8.93723
8.91859
8.23163
7.80947
4.49458
3.62055
5.50878
3.19791
7.07164
3.85123
3.74204
6.53218
8.52594
3.92276
4.75969
7.51162
9.19817
9.46992
9.46992
5.61952
8.52716
8.42797
9.10144
5.11320
5.38483
5.05934
4.51072
6.40630
7.23876
3.59818
6.18222
4.71079
8.71424
5.20220
6.00322
5.85107
5.74764
8.67848
5.70408
8.46110
10.01720
11.19919
7.60845
9.64300
7.05333
3.29234
5.60235
5.58900
5.09182
7.00534
9.38123
10.28628
11.21150
9.97714
8.03921
4.98774
5.15292
6.74338
6.20630
3.73964
8.76458
8.91527
7.60427
10.15053
8.68215
4.99613
3.13314
8.52252
3.36118
8.40556
6.62820
8.09409
5.04621
6.15615
8.31563
5.67497
4.87451
8.30659
7.87074
7.35476
8.68481
6.00415
3.41478
4.40061
3.70012
3.38685
7.72863
7.30498
7.09043
6.11912
4.50299
3.68919
8.92508
6.54677
5.39685
5.58282
4.65926
6.72686
3.96302
8.48832
5.91394
5.74172
7.78349
7.87846
7.05451
9.00733
9.00733
10.19068
4.49836
9.61337
4.72571
8.20931
8.16412
7.36354
5.27417
8.24472
5.55929
3.34396
5.88119
8.49297
7.02333
4.82674
7.94563
7.24990
3.88203
5.03153
3.48152
5.57302
5.87645
5.92800
4.67754
4.94410
8.93519
7.43853
8.23112
5.24644
8.46728
5.79142
5.44819
6.11038
3.93423
4.43645
5.55340
3.80874
5.18808
4.85724
7.82648
4.31074
5.00691
4.64780
5.61587
8.63793
7.94239
8.37675
6.77837
6.70462
4.10244
3.77429
4.15771
3.77990
5.43716
4.07558
6.37548
3.27831
4.07644
4.35463
9.23636
8.14997
9.63943
5.63539
5.82063
5.78749
4.24112
4.35092
3.68105
3.50676
7.93629
7.93629
7.93629
8.69525
9.60222
6.14855
9.46073
4.32031
8.46697
9.10053
8.97018
9.20488
10.31835
7.76268
5.86665
8.22085
8.09835
5.74061
4.83182
9.49739
7.64911
7.67675
11.29622
6.92996
4.01660
9.64880
7.90861
4.34203
6.02061
6.37966
6.44739
4.43692
3.76114
3.63837
3.99360
7.68705
3.86950
6.36193
4.27214
3.44286
5.44340
4.49844
7.45549
11.26538
11.45501
11.44535
10.85557
10.19062
6.07298
10.46166
3.54813
8.28379
4.06261
9.57411
7.34941
8.02437
9.48310
4.81139
5.94310
5.52972
4.76043
4.22009
5.39413
4.77722
7.93521
7.53613
4.46170
4.90566
3.77743
11.71406
4.63405
7.05444
7.05311
3.92870
8.78340
8.00668
5.40265
5.29272
7.81156
7.24959
5.48020
6.14763
5.79419
4.42703
7.43499
8.40248
5.13152
7.36560
5.71536
3.32233
6.43654
5.34494
8.34983
8.12989
8.34437
8.90728
4.97463
9.57550
8.40632
6.60204
10.39694
5.06601
11.73672
6.54890
5.87681
3.92900
5.20485
5.91382
11.49977
5.50622
5.65961
4.90654
11.11680
8.53401
8.16395
4.80645
7.13558
7.42284
3.88486
12.04405
8.68143
5.08557
7.65239
10.61419
3.92981
9.90867
3.72084
5.43457
9.23661
9.72736
7.95375
4.94958
9.15624
4.95546
7.62924
8.29846
8.48755
4.95209
6.51245
6.70353
6.87701
6.50458
5.30778
6.77721
7.11592
9.86683
6.95622
6.74601
6.83803
8.32008
7.83720
8.05737
8.06178
8.24597
7.78050
10.79743
3.35447
9.27359
3.00499
5.42085
4.51184
3.51043
4.10326
4.48081
5.17851
9.73527
3.97806
6.65800
4.17155
3.65992
3.10239
3.09844
4.34701
5.01323
9.74196
9.27458
6.93445
7.10060
7.10060
6.85244
5.36400
4.09413
7.05042
8.57283
5.66756
6.39512
5.96598
6.07929
12.22246
7.50653
5.86231
9.71238
7.40601
3.95613
3.77295
7.78095
7.53224
9.47290
4.55987
8.17089
7.51715
7.02483
3.78225
3.88532
4.30933
4.80431
3.70952
7.98975
9.70742
6.29308
7.29821
6.41831
4.03559
6.54359
3.79710
8.17496
5.31070
4.27033
3.18142
8.00423
3.48912
7.45161
4.04230
6.04842
5.91726
4.13403
4.09209
7.32322
5.85348
4.34529
4.41246
5.60797
3.13460
8.00694
12.00941
3.96705
4.93481
8.67346
9.03723
9.54228
7.98127
4.70613
3.94853
8.21157
7.87503
4.83967
5.14689
7.50462
6.32823
5.92980
9.06417
5.65505
6.36915
7.73810
6.57511
5.60239
3.83097
7.34614
5.42586
5.68530
5.33270
5.00995
8.98310
6.55574
3.59272
4.64244
6.31917
7.95994
9.35988
7.74432
4.59940
4.20531
7.18181
3.76656
8.11695
7.68686
6.00691
6.93199
7.21497
6.09622
6.88459
4.13083
8.87257
4.32374
7.81363
10.05913
5.69089
7.07638
6.31902
4.49357
9.05317
8.52853
3.83135
5.18610
7.60245
6.53768
8.65572
8.65572
3.44613
3.16086
6.31470
12.94741
7.18919
4.29842
3.49533
4.13264
5.16835
6.03921
5.16835
5.16835
7.24200
5.82980
6.65598
5.02734
5.36167
3.75616
7.13163
6.93468
3.76889
11.63910
8.79980
7.57700
8.26038
9.57408
3.88329
7.20524
8.15242
3.26570
7.32575
6.75098
7.03826
7.09600
9.65576
8.27860
3.77553
3.55406
7.58218
8.49368
4.09792
8.11798
5.21982
7.72469
7.97758
3.57499
4.37940
8.73595
8.68443
9.33871
8.35259
9.25491
8.02881
10.05610
6.42044
7.24216
7.96996
4.53488
9.20986
9.55782
4.18260
6.55448
7.92293
8.98122
4.07879
3.61627
4.73503
4.33568
3.84051
3.62295
5.25038
4.29618
3.97883
5.16597
5.00110
4.80244
7.01397
3.30086
4.03384
4.77840
4.78997
5.25652
6.61586
7.03950
8.31902
7.77575
6.06488
4.44615
5.10943
4.86501
4.87198
9.45611
7.37056
8.09283
8.76821
9.07804
5.24018
7.17113
4.95978
6.20087
6.12535
4.88210
7.43760
6.09732
6.52001
8.25824
9.27060
7.11441
7.34271
4.71625
7.37810
5.91115
8.18333
10.42152
8.75112
7.09145
9.21182
3.64280
8.26793
8.26793
4.42239
11.00222
11.21757
8.05810
6.64781
4.10481
3.35455
3.25636
7.79033
5.53687
6.61909
3.87909
6.35604
6.98834
4.33363
4.13648
4.32369
4.98200
3.94946
7.16133
4.42223
4.71569
4.01570
9.10937
8.65750
6.28764
5.82887
8.70504
5.74560
4.78742
8.56554
5.56288
4.99666
4.00044
4.27656
6.25257
6.24001
3.81057
6.15166
4.07959
11.05423
6.56311
5.79144
8.36087
4.59059
9.86661
5.99519
6.10122
5.08359
8.53098
9.64008
7.32944
8.10507
6.70501
7.59468
6.86446
6.10062
10.11249
3.79816
8.07507
6.71373
8.31685
4.18837
6.67757
7.37919
4.33171
8.25084
4.21120
6.36598
8.91461
6.98326
3.15107
5.26139
8.52881
5.51145
3.96406
3.78265
7.72540
5.20069
10.45238
10.33952
11.36772
9.49392
4.63041
3.29888
4.02995
4.03433
9.19454
6.43491
3.29794
5.70277
7.41352
9.63183
4.34728
5.87878
6.15909
6.80592
6.38560
7.10537
3.52029
5.07160
8.07430
10.06431
7.77494
9.19928
9.32922
7.75183
4.85217
3.87589
4.32701
6.37219
3.59613
5.47736
4.56510
4.18163
4.70421
3.51449
3.30831
5.95175
4.05659
6.65324
7.85328
8.09320
4.97833
7.11206
7.67776
7.55874
7.86354
6.38271
7.92945
8.25070
7.93283
9.40546
5.75774
5.61653
4.56670
9.41375
7.84708
4.09438
7.93026
7.93062
12.66437
4.58056
4.46801
12.29775
8.96235
7.85693
3.66104
7.41488
3.68517
6.46031
3.56212
8.30157
9.13764
6.20440
5.84172
6.84170
11.76498
6.00266
3.02015
6.79186
4.58127
5.70510
6.28499
8.34921
4.72479
4.87634
9.64733
7.22535
8.90241
7.66486
6.02173
7.08380
6.47727
10.04599
10.13218
4.46191
9.01011
5.44698
8.68970
8.77682
10.02193
7.57597
7.87061
6.95595
7.41603
8.50429
6.79199
7.96604
7.67016
7.41849
7.16590
5.96894
6.08971
8.54452
8.58417
8.39478
9.52646
5.67358
3.90803
5.62210
4.37114
10.21658
6.90432
6.54995
5.45255
5.92692
9.44573
9.81388
11.34611
9.88463
11.84891
10.82945
12.66274
6.44180
11.77440
10.18906
11.39936
10.40715
11.00121
6.82637
5.42528
3.09210
7.21741
5.06635
4.44774
3.50907
4.21915
4.47001
3.13177
7.80280
10.66803
5.27188
6.09483
7.57117
5.03464
3.19949
7.16705
7.57567
8.53307
5.85546
8.04311
5.25296
8.01850
6.90940
7.62878
3.85781
4.68166
8.23986
8.60341
6.17733
6.84596
3.77446
7.56678
6.06170
3.47965
7.00121
7.98588
4.20007
10.02604
4.60501
4.74005
6.02052
10.57138
6.46353
9.48510
6.54453
3.49205
3.60954
4.15615
3.48990
6.90766
9.46251
6.98732
7.94192
3.26247
8.52911
8.59570
5.22197
3.95411
8.98616
5.70258
7.27860
3.59352
6.88816
6.59863
9.12939
4.02862
8.42944
6.32965
4.41045
8.81429
3.89258
4.85113
6.07822
5.76885
4.77098
4.65254
5.45445
8.68568
6.95460
9.92862
7.61236
4.37747
4.90588
11.25293
8.76843
5.19719
6.76452
4.39424
6.08024
8.45669
5.27485
4.86462
7.38458
8.34551
3.73610
3.68795
3.55862
8.35448
3.42761
3.82957
5.27645
8.38783
6.91502
7.29733
4.74486
8.59676
6.85828
7.63184
7.64168
10.11063
5.95533
5.36759
6.26799
7.58482
9.38930
8.84878
3.39049
8.75362
3.86806
5.45528
6.97144
8.80401
11.89638
6.58692
7.76667
6.89459
8.65470
3.42485
4.28811
9.59479
9.07331
7.49133
6.07166
8.58638
8.31576
6.75418
6.98825
6.76919
6.00491
4.90787
9.68132
5.38311
5.02114
8.51233
3.38083
3.55426
7.75200
11.48401
7.20233
7.71534
8.43524
3.24430
5.54600
8.64807
6.95384
8.62743
4.10920
4.22884
4.43289
9.37059
11.01547
10.44407
8.84090
4.91292
7.71936
4.85045
10.51891
9.86530
10.22495
9.87067
8.08816
5.52496
6.10337
7.11666
4.53216
5.55649
8.93000
8.52318
8.45493
6.70619
8.86297
6.59519
7.38110
6.74191
7.31659
10.47409
7.05443
8.73765
3.50509
4.55001
6.92986
6.58158
6.68160
6.38311
9.18679
6.24287
11.41722
9.04587
9.07323
9.48046
8.04120
6.42727
4.54435
3.89987
3.44342
5.23427
11.03465
4.96116
4.41421
5.53759
9.18105
4.65785
4.54503
8.81158
5.15040
8.36712
7.22735
7.52353
7.26739
8.75686
7.51647
10.47820
7.43809
10.26501
6.89058
6.01674
10.10677
11.57128
10.30863
5.77360
5.89975
3.28017
5.89684
3.83048
3.08603
5.61007
4.49798
3.65671
4.22127
4.32386
7.30854
4.74576
3.38740
4.32851
6.10033
7.96686
5.10084
4.88345
4.84808
4.24776
3.96506
3.23054
3.32291
3.30264
3.48647
5.24900
4.17599
3.37969
5.77421
4.98247
3.27072
5.33278
4.45170
3.41816
3.30469
3.61176
4.78368
3.75294
3.14347
3.21269
3.56354
3.22131
3.36492
6.89675
3.07343
5.30375
8.54180
3.51625
4.38881
8.46940
7.69404
4.46387
6.80564
7.49180
7.60105
6.18844
3.83122
7.86057
4.00119
6.27323
10.56161
6.25207
4.92462
4.86155
7.02571
3.69782
8.44135
10.83570
3.65620
5.77002
6.54133
7.45942
8.54468
6.81124
7.63222
3.21487
3.21487
8.74784
9.55987
3.16350
8.79735
4.55890
4.03762
11.44572
6.97979
6.35843
8.58195
4.27216
7.02812
5.61939
7.50724
6.08277
4.62901
4.69886
5.37936
4.90355
4.92466
9.19047
7.12180
6.80424
3.53395
4.12657
3.56603
7.32906
8.27723
3.75214
4.49222
6.34863
6.00197
8.06047
10.24981
7.45791
9.00583
7.80174
3.84318
7.55014
6.37651
4.26917
8.87406
6.40353
7.44358
9.30260
9.00119
8.45669
7.33960
4.78059
8.73910
6.77101
9.73301
8.16397
9.39107
7.24763
4.33319
5.30029
7.90099
10.45821
4.85042
4.49705
10.47566
9.29294
5.68425
8.14805
8.82368
10.11421
8.19724
6.80689
7.16769
8.36799
7.52241
8.15930
10.46316
7.77791
7.44635
3.57926
8.34875
5.37824
7.11881
10.01229
5.69583
7.54831
3.35137
3.47767
8.04631
9.19848
3.64066
9.45960
10.06723
8.46023
12.57352
8.95940
4.57563
6.91876
6.59210
8.03290
7.60318
4.11672
8.70071
6.47184
9.65968
7.27452
6.28045
7.25668
4.15683
3.80337
3.61737
4.78492
6.54668
4.97369
10.06348
11.50016
6.17651
8.24337
6.51261
4.72365
8.75885
9.19351
10.33071
4.95765
6.12069
7.29201
8.62289
9.59563
9.08454
4.66520
7.15499
5.86628
7.13492
7.80686
6.85578
7.76910
5.83962
7.05429
5.98716
7.67237
8.12301
4.35700
7.25160
3.74556
3.13587
7.44038
3.76513
3.47760
6.10805
3.73874
4.28902
8.15270
9.34233
8.98543
8.18895
7.33862
7.56570
4.84597
7.25700
7.85399
4.63599
3.56561
7.58856
6.99914
3.89004
7.20578
8.84069
9.40617
8.24585
7.92790
7.58809
8.37476
4.55173
6.30388
7.20892
8.47227
6.60423
6.73378
7.65330
5.97997
9.14344
6.72259
5.48104
3.41166
5.92799
7.46937
7.36973
5.31657
5.30126
9.27494
7.76708
3.68863
3.79729
5.61743
4.29164
9.40398
6.58521
3.94554
5.48696
3.93286
4.56811
7.53757
5.23096
9.64977
6.64241
6.24699
6.21364
3.32595
6.36866
4.88579
5.62944
4.02608
4.18159
6.41165
7.96687
4.53798
6.28214
4.63525
8.79198
4.32827
3.58113
4.85999
3.54222
5.42320
3.23575
4.83443
3.07078
4.89599
3.72371
8.91821
7.02722
7.61156
5.38509
7.35069
5.02936
4.23960
4.62216
3.82276
4.56250
4.34986
3.61631
11.04201
8.74228
8.45333
6.13117
9.50118
6.24961
7.25139
6.65176
5.33422
9.21448
7.12482
8.33316
7.41229
7.33907
5.27511
7.92404
6.51301
6.19220
9.93706
4.42973
7.23717
3.72353
6.66823
5.64089
3.15759
9.17415
7.79139
7.91351
6.40927
4.14314
4.67358
4.50400
7.65592
6.20630
6.36992
7.96596
4.22492
5.02153
5.58646
9.72468
6.04299
7.45161
4.18011
6.73344
4.00609
9.10199
4.86309
4.37232
6.94727
7.33285
7.45215
4.52320
8.07200
4.47293
5.22176
5.28190
4.15674
6.46284
6.78379
5.03393
4.94926
7.05134
6.70347
6.88066
8.09882
5.62442
3.80222
8.08385
5.26612
4.05550
5.01709
8.28407
4.29326
5.80314
6.95385
4.37673
10.37289
7.20548
8.83825
7.38958
5.22277
8.86243
3.24282
6.66845
7.31108
9.52453
8.04251
3.37042
10.24834
8.22370
4.85907
7.05459
8.28979
6.93634
3.49491
4.71194
3.43877
4.19250
3.80407
9.62247
6.70086
9.19030
5.85223
3.40393
7.50791
5.81684
5.00682
8.12946
5.64441
9.01778
4.17029
10.97893
7.05353
7.40465
12.01394
5.36115
11.61316
5.11680
8.65078
4.48948
3.53796
6.46649
5.89640
4.25736
7.65420
7.15963
5.26695
3.73801
9.54492
6.04094
4.46866
4.35502
7.50231
8.26834
8.85923
4.13871
7.82903
6.53346
3.55485
8.95677
4.75317
6.40418
6.22755
6.92041
7.71781
4.43935
6.53245
5.20213
9.36533
7.58613
7.65578
8.58315
7.19645
5.77047
9.81154
4.78908
10.13098
7.84995
3.88720
5.68181
7.28152
11.44091
10.17929
11.52334
9.20575
5.33833
4.23301
7.14310
6.06901
7.58567
7.51381
5.67460
5.78861
6.30615
3.97589
9.63836
7.47041
8.40760
7.50626
6.91860
7.16948
7.15611
8.69972
8.14007
3.62095
5.07806
6.82973
8.98520
7.42756
7.32583
5.77527
4.90933
8.62327
8.62522
8.31404
9.53730
7.42243
7.39412
6.58067
6.83539
9.10777
3.95667
4.46190
5.39652
5.23716
7.30554
8.09873
7.34084
7.94629
10.27898
3.76538
6.81423
5.87747
3.46377
5.66842
4.97001
4.29973
5.37606
13.84016
5.08623
11.87615
8.88690
4.38548
12.97182
12.33580
5.24200
4.61671
6.80712
7.04380
6.38429
9.78698
7.74686
10.11880
4.17593
7.01473
8.16265
6.74494
4.64227
5.83028
5.35998
6.63932
7.73075
4.51070
7.95660
6.40146
6.14191
5.17910
6.77723
7.49816
5.24799
4.67278
8.59179
7.19945
5.39888
3.38003
8.78817
6.50865
6.16678
6.23420
8.50336
4.37529
4.37071
4.10949
6.02563
9.30732
7.96897
9.63820
8.88446
3.17926
9.73852
9.41245
9.48094
8.40377
8.89098
7.72421
8.01792
8.66173
7.94017
8.72668
11.07272
8.81680
8.91089
9.68216
10.83952
10.83952
10.10801
12.56824
3.09631
10.15957
11.80324
9.64304
9.08669
10.42422
11.83336
8.91704
10.68853
12.08791
10.43315
8.47515
7.78560
7.58077
9.22037
8.00869
7.62246
7.84173
9.42104
3.28532
6.89325
10.36013
8.78069
8.86896
4.28054
7.09585
8.98320
7.76221
3.72430
7.08992
3.53134
4.92363
4.08913
6.93912
6.64144
9.09442
8.24522
10.02695
5.47563
8.68767
4.37702
5.93856
5.16306
6.85800
6.19165
6.62521
6.13885
4.94371
8.98324
3.35503
6.71090
5.57237
6.85570
6.84249
3.82780
5.71712
7.46756
8.84333
5.66626
6.41605
3.62730
5.47922
5.96194
5.28823
6.72237
8.05306
9.25662
6.69486
5.66580
3.53607
3.66105
7.14167
3.87048
10.29261
8.66398
7.67857
7.12096
8.17571
9.20779
6.56494
5.37109
9.56979
7.94843
4.99164
6.04751
4.29810
5.89147
7.20028
8.82037
6.57289
4.60143
4.50332
5.15608
4.37760
7.99257
4.88826
10.96166
7.40727
6.91908
3.99535
3.87995
5.99495
9.38375
6.75091
5.06438
4.96907
3.80719
11.59593
4.69390
5.94609
3.53443
4.98031
3.72230
3.10343
4.22125
5.45493
8.71134
6.52684
5.27579
5.68724
5.98507
4.88745
9.07448
5.55856
6.40288
5.86563
4.47825
5.00933
6.77120
8.21858
9.27992
5.31886
8.66324
5.94729
8.89953
4.38577
4.37735
6.40348
5.41808
6.72258
8.71663
9.47567
3.67284
3.96588
6.46789
3.75054
8.23172
5.71874
7.43718
3.96927
8.04294
5.11355
5.89543
4.15695
3.34157
7.05418
4.44149
9.70375
8.95861
11.62670
7.67145
5.94530
3.86164
4.76218
8.61571
5.98902
8.06509
4.59346
6.79797
4.06694
10.15197
6.69598
9.80386
7.65364
5.07728
7.93465
5.82793
4.54645
3.71395
6.35215
4.30634
3.67248
8.39430
9.46210
9.23232
7.81274
6.44399
7.90874
6.50145
4.87124
5.00861
6.91543
4.43832
3.90892
4.35424
5.52236
5.74617
5.93125
6.26997
7.83752
8.27277
5.08910
8.82246
5.98001
5.45830
7.17366
5.84824
7.18271
8.99495
6.04339
7.34427
4.29318
3.45885
6.40694
4.70663
3.43229
8.61408
5.83068
8.69195
7.96344
7.44730
8.37018
7.63681
5.39316
4.09892
7.36725
4.56649
7.13410
4.95091
4.14459
6.64680
3.93364
6.00429
9.24595
6.94337
4.42222
4.08835
5.97208
3.94911
6.92583
3.17851
4.13344
7.49138
6.71190
3.28911
3.83057
6.19451
5.11053
4.63025
6.76589
8.53481
3.46996
4.43547
5.55509
3.15556
4.11282
8.27825
11.12285
4.10902
8.06094
7.60898
8.09770
6.69847
9.23742
9.02360
7.13968
8.35998
3.73004
6.15306
7.74711
7.02434
8.73224
6.81852
6.90547
6.89250
6.07780
4.08265
7.38613
7.18563
7.73774
3.09317
9.00280
7.05336
7.96577
3.12400
4.95854
4.05555
4.29313
3.65896
7.01097
8.71759
3.73802
9.10575
7.50864
7.40812
8.30146
7.08896
7.28542
5.90558
6.05849
8.80451
7.03875
7.93631
3.94621
7.99360
9.28723
9.35031
8.83591
9.44418
9.56882
8.88854
9.03517
5.38098
9.77421
6.81426
8.06520
6.81385
9.45133
7.25794
8.47984
5.87786
6.46665
4.74310
6.43109
8.39782
4.64528
9.74511
9.32326
6.95414
6.26286
6.86425
6.96402
7.36742
7.73300
7.75136
9.16969
7.95185
6.96763
5.58430
6.08015
7.69171
6.76492
4.34667
4.69936
8.06497
8.45975
7.61191
7.22032
9.51633
4.69500
5.01717
12.44143
6.64744
10.63123
6.42841
8.11496
6.96977
9.93330
3.33187
6.56484
4.09082
5.98622
8.05993
6.56266
5.29266
6.03303
6.56198
6.73454
6.98124
5.65728
4.11398
7.35304
7.07526
6.27310
5.80283
7.13948
4.11282
3.73692
7.99704
7.36955
5.68775
8.25017
7.56706
3.25126
3.83483
6.87245
7.50966
7.58596
9.22234
8.48427
4.47434
7.35446
7.39208
5.10007
7.12184
3.66173
4.74879
9.54012
4.02846
5.90340
7.93606
7.95484
7.50558
6.78587
7.89097
6.40259
8.16184
5.89285
8.08884
5.75197
4.85580
9.34885
10.48989
8.14967
5.44169
7.67790
6.61735
6.91502
7.99333
5.60158
6.84888
5.85622
4.58325
3.59211
7.03402
3.04911
4.29319
4.10977
3.21074
7.19797
4.42523
5.66455
4.17645
3.70372
7.25302
4.10417
4.33266
4.44219
3.23218
4.21333
3.94566
5.02190
3.98212
4.78498
3.99234
5.83996
4.48867
3.66519
4.61916
4.90360
6.46619
6.10552
4.75555
3.46354
4.24168
3.58752
5.59711
4.91938
6.93161
8.53723
5.23561
5.74858
7.81979
6.25393
3.50937
6.97702
9.01902
6.08419
7.34353
4.97116
7.54252
7.82018
9.05373
7.25341
7.18564
8.31992
6.94461
7.39545
4.65754
9.10990
9.63785
9.16569
4.82583
4.28410
4.69179
6.71681
6.09853
8.96880
6.36476
3.15408
5.61310
7.89876
5.14167
3.71948
4.58067
3.44563
8.72309
9.02367
5.69906
7.08139
4.42115
6.07205
3.30580
4.56925
4.55087
4.39303
4.21254
5.69086
7.01450
5.27627
3.86698
5.93387
3.27980
7.28753
9.39191
10.24051
3.87327
8.67709
7.84898
9.45559
9.11124
4.26597
9.57331
4.94928
5.36273
5.81802
6.60478
4.36932
5.40942
5.29638
4.27312
3.72114
3.77317
8.51438
3.75893
5.82860
3.73780
3.31747
4.37454
3.61281
4.24300
5.49273
4.50533
4.26298
4.11012
5.06488
4.05758
8.45573
4.05978
3.56694
8.48386
4.28774
7.08086
6.97762
7.06991
4.84766
4.85251
4.73972
6.69515
5.93148
7.25759
4.37156
6.45858
5.26620
7.70866
8.08645
3.96896
5.12628
6.83077
6.12765
3.82397
3.96220
5.61031
4.67881
8.33733
5.82112
6.25392
3.95695
5.34992
3.78028
3.52089
4.04022
10.33287
5.87665
5.65813
10.27918
13.33531
8.50279
6.59626
7.52216
8.10165
7.53854
7.82043
9.21454
6.52346
7.90248
5.51352
5.42452
3.74904
6.54958
5.45765
4.50215
4.86552
7.48325
3.97765
5.98658
6.49272
8.94668
7.28400
5.09546
4.67332
9.52835
7.47868
4.81196
5.99945
7.05702
6.61750
5.46401
4.22069
6.64662
5.86418
6.52262
6.09343
8.90920
9.22075
4.64430
4.88937
5.31536
6.88499
7.60642
7.39287
3.05341
4.22176
8.47799
6.45289
8.29815
5.30163
7.71631
11.27550
6.96027
10.07376
3.46574
10.64503
5.17501
5.35212
5.91352
3.53542
2.96205
3.55678
3.46780
3.03018
3.39458
4.12666
3.64451
4.59495
6.21176
3.49466
3.51496
3.26735
4.39652
3.58155
3.65942
8.31831
7.24454
5.32552
7.71402
3.31564
3.43118
3.31564
8.86017
8.02018
4.34678
7.42226
4.06766
7.50366
5.44997
5.34333
8.32975
9.18015
6.61358
4.94715
7.14311
8.81373
4.27085
3.59184
7.54760
8.58425
4.97316
3.40409
3.91525
5.66440
6.55376
5.86851
4.08916
8.36999
3.80619
13.17134
3.49750
7.75164
8.82749
10.30641
5.66691
9.30550
4.04732
7.83158
5.66078
7.15837
4.82418
5.44447
5.45940
7.72535
3.47332
6.93168
7.20311
9.41583
9.17442
6.31034
7.91309
6.04422
9.86269
8.44815
6.54592
10.57124
9.12216
4.64693
3.58352
3.11998
7.52172
6.84764
7.74178
7.70422
7.06642
3.24281
4.93373
9.18792
6.67291
4.68241
4.47165
8.17680
8.08035
3.75030
7.57495
6.02510
4.03763
3.20542
6.69588
8.16223
3.65240
3.94708
7.49153
5.04180
4.49778
5.19907
5.14365
5.78864
4.71065
7.87927
12.12043
3.97595
5.32923
7.91427
6.60838
6.90616
7.85079
4.17701
4.92267
3.89233
5.59074
4.18709
3.58937
3.54630
9.05317
6.75492
3.32500
3.81858
4.52311
4.35846
7.54546
6.12148
4.49751
11.09996
7.11865
9.66407
9.21241
6.71836
5.86652
3.93717
3.28765
9.79810
5.54808
3.77001
4.17081
3.79525
8.81851
3.57717
7.49728
8.11730
6.22507
7.88082
6.39325
9.22247
8.04024
6.12842
5.97212
3.85729
8.02851
3.31942
4.53864
6.72520
6.23398
10.26311
4.33909
3.62309
4.47509
5.82066
5.17833
4.99999
4.68886
5.67160
3.89331
8.21167
9.03853
6.41214
6.46511
6.12836
3.69189
8.07169
4.82802
3.77943
7.18079
7.06619
10.87645
8.91148
4.23504
3.44159
3.46971
4.23949
3.35078
4.01983
8.32677
9.10644
6.91147
9.86569
6.48196
4.20196
7.84153
7.11934
6.86377
11.51098
9.11960
7.00422
9.80695
4.76593
6.29638
6.50884
7.18032
7.74715
6.31617
8.15133
9.61599
7.93380
7.26595
9.28483
7.10081
7.46586
5.94714
7.88105
9.70107
8.34134
6.78012
3.81969
4.42027
6.64221
6.13182
7.55913
8.62218
4.27691
3.83162
5.34436
9.85237
4.07539
3.37342
3.22711
6.37867
9.29181
6.27850
9.42846
6.58943
6.42842
5.92583
7.64834
10.23240
7.99046
9.00923
3.40273
4.16755
5.48734
11.49564
5.96773
3.06720
6.76996
8.43375
9.84077
5.80025
6.78938
4.20616
9.48199
8.18295
4.35032
5.41523
5.46623
3.41116
7.76213
6.42987
6.70209
8.61834
7.18045
8.76124
10.06805
9.09335
4.74865
8.53835
10.38727
8.71362
8.32174
4.84407
7.17805
9.38577
7.90428
6.35688
7.71387
8.64779
5.29383
5.21519
4.27330
3.33193
3.83016
5.46332
8.86294
7.14815
7.26044
6.21480
4.00802
6.15448
9.14344
6.67546
4.90780
5.62804
3.17171
4.72154
7.41756
3.70107
3.52495
5.01876
10.20348
7.74958
3.77709
3.43574
6.72779
8.45630
8.36935
11.67294
4.33846
4.21504
6.31844
8.06432
6.85578
4.28200
3.40744
4.93911
4.06977
7.29381
5.14402
3.72706
5.93625
5.62709
7.23292
5.31469
3.56393
4.36402
4.50156
6.17858
4.13069
3.58712
5.33470
9.31780
3.67272
7.43421
3.84169
5.67798
3.09481
5.27938
7.50570
8.09108
5.73917
6.46987
7.72921
7.95548
8.67754
5.39519
5.90274
11.13315
4.29480
6.52302
11.17492
3.34612
6.80629
5.26386
7.40628
4.13796
4.82334
7.16676
6.33957
8.68437
5.35376
3.93143
7.37139
3.51910
8.74924
8.73516
3.17789
3.84159
3.68722
3.60212
3.79443
3.62393
2.85184
3.80073
3.67793
5.95887
4.50607
3.89437
3.51843
4.83120
3.26404
7.03821
3.35604
4.68027
4.52762
3.18901
6.90374
6.91081
3.71770
4.91907
3.69806
4.73678
3.45559
3.81554
3.44696
3.64032
9.87727
5.18285
7.79730
4.97944
7.34968
6.68356
3.18637
6.71753
7.66112
8.65311
3.53166
6.32885
7.32035
5.86584
7.38491
6.32082
5.79317
7.33526
4.99957
4.16079
8.48369
5.12089
9.67973
6.18959
5.96605
7.85635
4.90712
4.63978
10.25343
10.25972
5.95055
6.82290
4.54460
3.16595
9.18599
8.66321
8.35253
8.48768
6.95059
6.53943
7.19390
8.05352
8.32085
7.44655
8.94666
8.29190
8.42485
10.68649
7.95706
7.67904
7.70012
5.33404
5.05757
5.41109
3.14202
5.84364
7.97402
8.04240
7.32498
6.74552
4.17639
4.90393
4.51374
4.08096
4.30996
7.78555
5.14788
3.42636
4.28505
3.49626
4.59582
5.38542
9.79354
9.88057
4.97418
3.28835
4.15596
7.93999
3.45380
6.96544
3.03049
7.53230
7.77112
8.77375
9.05059
4.53004
5.57582
9.19924
6.02758
9.09558
7.07259
12.03239
11.53223
12.05927
6.26584
5.89901
4.14374
3.32530
8.51442
8.77655
10.31337
7.58818
3.93910
6.19786
4.29151
4.38012
3.46473
4.03193
6.08486
5.31520
4.36396
8.56297
8.67061
4.03179
4.06928
8.98566
10.37215
7.17135
8.06334
6.57904
6.39937
5.69645
3.31384
10.23305
8.62357
8.62357
9.29952
3.88997
3.87049
3.51218
5.16693
5.60761
5.60761
8.50199
7.34307
3.90229
8.16349
7.70823
7.22182
6.30557
6.40231
7.58694
8.64446
5.68373
3.81372
7.81594
5.86088
4.01137
3.40686
3.71535
10.30144
6.17398
9.74127
8.38543
6.95917
7.25577
5.72209
6.75874
6.00269
5.01361
4.98587
10.83356
6.08163
7.27026
8.06368
9.22749
9.03954
7.60126
6.47231
9.20473
10.47031
6.84774
5.44644
8.48992
6.43420
8.49105
6.56324
7.03503
8.32792
3.75297
8.92109
4.74194
5.19572
8.56170
7.87702
10.22924
6.71318
3.37248
5.35799
5.43175
10.52424
6.82723
7.48111
5.70465
5.58428
5.29665
4.10041
3.89485
3.77590
8.70685
8.75702
4.90351
5.88107
4.33125
3.25995
4.61216
8.29723
3.68534
5.82076
11.06278
6.43829
3.93181
9.85721
5.69159
9.57536
6.84690
11.20806
3.90997
6.80166
8.79266
6.59812
3.95325
8.50070
7.17070
3.79908
3.70296
8.47257
4.27381
3.57177
4.74852
4.89235
9.34475
5.53525
6.45846
5.84590
5.33669
5.33669
6.87620
3.35029
3.44358
5.70504
3.88287
5.81769
8.34820
7.66156
5.81769
6.55319
7.50603
5.81769
4.24187
10.85380
3.69324
3.65933
4.03274
3.38376
4.24827
3.81251
4.39265
5.21473
3.90367
3.38682
5.28013
5.10767
3.82223
5.10767
5.74508
6.13525
6.13525
4.62068
4.69370
3.51094
3.35146
5.80058
4.56711
7.09050
6.13525
4.04026
9.40648
10.75026
7.42957
6.13525
6.13525
8.04835
3.91031
6.13525
7.98380
7.77160
6.66203
7.70747
9.30993
5.04560
6.36092
3.72532
13.20485
12.82676
12.07561
9.51511
9.80593
5.31818
6.62059
10.32661
11.55016
9.11763
11.33694
8.88033
5.75738
11.95312
12.10132
8.18149
5.54847
10.22102
10.88359
10.06146
10.84203
5.85614
4.42698
9.18605
6.47839
8.12256
7.59778
7.87990
6.84455
5.13751
3.63422
11.89666
11.59468
7.31120
7.66520
7.87797
4.24119
11.76256
12.47000
11.36594
9.87492
7.27763
8.17514
4.29105
7.28927
8.60416
6.00667
3.81312
5.71598
10.08133
7.65277
3.83522
3.97029
4.19951
3.08857
5.85900
9.14391
10.32610
12.53901
11.81551
9.37414
3.17996
11.32365
10.88477
9.46919
9.09259
7.69294
9.41614
9.19955
12.02793
9.36083
5.52866
10.74508
8.66607
6.83503
5.32125
6.95478
4.90332
7.86183
5.48626
8.02924
7.02550
4.60223
5.12340
4.73944
3.57236
4.60727
4.98428
6.03120
4.47639
4.73282
5.46396
4.45925
4.09686
7.40902
4.44652
5.70347
4.72562
6.19260
3.37732
3.85555
6.31177
5.87065
5.92455
6.36231
5.38959
8.45351
4.25377
4.72608
3.63857
4.53738
3.14486
3.94061
3.94138
3.94138
4.10404
4.00359
7.31917
5.13634
8.72818
5.00265
3.74015
4.38845
4.88256
5.54708
3.59404
10.05327
5.87669
6.18904
7.66718
7.28834
6.42978
3.79348
5.30133
5.41715
7.65078
4.52000
3.68151
4.91293
4.69687
5.83582
3.15385
4.37380
8.90886
7.13258
7.03053
5.22077
5.43664
5.00894
3.35010
4.25584
10.49499
5.62843
4.51484
5.12613
9.92747
7.59990
9.98631
5.51713
4.70620
4.01802
9.25624
5.67470
8.09930
6.88527
3.29975
3.34887
3.98039
3.88090
4.39416
6.56545
4.90640
12.25322
10.63620
9.24142
7.41737
9.19512
11.12208
11.12208
5.11430
6.64927
7.26560
6.30462
11.85117
7.94698
12.27467
9.15293
10.15983
7.86894
5.29581
4.11965
3.99686
6.03288
7.48373
7.06016
12.40633
10.59612
8.62810
7.24734
7.97208
9.55649
3.90528
4.08893
3.89107
3.83798
3.88129
3.74205
3.82488
4.67294
3.13075
4.04902
3.42954
4.30666
5.19335
4.78471
3.92300
9.09785
7.73684
6.51785
4.32683
5.21454
7.81479
5.09545
7.79999
3.99687
6.82360
8.63204
9.23295
3.68003
10.90027
9.91800
4.52433
3.30501
5.81168
7.44159
8.46690
8.02572
3.49058
4.33602
4.97294
6.56417
5.92045
5.19647
9.23588
7.45448
8.61335
7.99147
6.98614
7.05459
10.69862
9.82584
6.80961
8.45790
6.95272
9.43540
8.84888
5.89758
4.93086
10.40456
9.08875
6.75886
8.81754
6.89918
9.06921
10.97224
11.47012
8.17825
9.74201
9.91154
10.87866
8.93438
9.60369
5.96422
8.51360
7.52789
11.62818
11.66913
12.19292
3.99141
3.56262
3.99141
3.46577
3.25416
4.67383
3.16188
3.59131
3.52219
3.54484
3.54484
3.53283
3.23186
5.37127
7.82222
4.07092
5.48279
9.03868
9.35911
3.71389
8.64884
8.17316
7.37984
4.60361
9.17973
5.55367
6.90032
8.28917
7.13818
8.32721
5.84056
5.38392
4.62716
7.71740
5.09693
9.43312
5.11797
3.30169
7.38604
8.22175
6.74997
6.67639
6.66899
9.15981
6.61390
7.33544
6.02615
6.74700
8.11118
7.06577
7.89910
10.94685
7.36135
10.03952
9.53152
4.28162
9.79037
4.51811
6.39075
4.18236
5.30049
8.42366
6.67681
6.20311
6.72295
5.19900
3.69623
3.22327
4.89816
5.74622
3.83838
8.54698
7.79862
5.51187
5.84456
3.86912
3.39013
4.04949
5.41253
4.36020
6.98883
3.48499
5.19962
7.54738
4.40287
3.11950
4.63582
7.31938
8.03531
6.86077
6.47172
5.25478
5.21234
5.30601
3.98687
3.50262
6.48109
3.98978
4.50318
3.76528
3.63849
4.29224
4.81563
4.65961
3.20797
4.42041
3.53782
5.37872
4.11867
4.74109
4.83115
3.74225
4.32584
3.07918
6.47838
5.29927
7.91157
6.13356
3.36536
7.16970
4.68528
5.81906
3.10287
4.17895
7.67813
3.67476
3.60006
5.74856
3.33645
6.13518
4.94439
7.17484
3.21743
4.30881
11.25489
8.27377
8.10669
8.06803
6.23623
9.76146
8.41598
8.39723
9.11362
9.31645
6.60689
7.63033
7.38060
10.49005
4.88371
5.89221
4.85361
7.58527
3.46005
7.63010
7.39005
3.84753
8.19579
6.68693
4.16344
3.55043
5.46085
5.63009
7.07996
5.10329
5.07593
8.13307
7.13874
6.65657
7.37844
7.81731
6.01106
7.07587
6.87842
3.81785
4.62716
7.58092
7.32192
3.76757
4.14674
8.96898
4.18156
7.44773
7.72597
3.78627
7.69557
6.68079
7.71111
9.99171
6.89275
4.32445
6.95001
7.88452
5.30825
6.91679
8.59375
8.39284
9.21510
4.70672
9.54770
6.34473
6.75691
7.62171
4.83285
8.30540
3.49146
5.37917
8.45235
6.76189
7.60754
5.07395
10.51264
4.63025
6.47760
4.10145
8.65285
7.59044
5.95464
7.04410
4.85399
6.61009
8.83640
7.78226
8.40927
6.44720
7.01704
6.54608
9.42999
3.78034
5.71064
8.41860
8.19950
10.53467
10.73401
8.72294
7.12607
3.41915
7.94307
10.19370
6.01366
6.05953
8.48378
5.97584
3.86911
6.16029
6.49674
4.08961
5.33007
4.91025
6.83953
6.85413
6.57916
4.65214
5.17414
9.42570
6.58280
7.86278
10.41088
6.67664
4.97686
6.21216
4.23031
9.49072
4.13821
8.64738
4.99787
6.18900
3.79418
6.91106
4.50276
5.02834
4.11381
4.51595
3.84662
6.81733
11.41449
8.47950
8.87753
5.77271
4.19939
7.06867
6.34974
6.28354
6.15409
6.94838
5.04040
6.80626
5.02179
3.72801
8.77224
7.57790
7.04684
8.07923
10.02876
6.36227
3.84678
3.16585
6.15218
6.62671
8.35689
8.52660
7.39118
7.27200
6.21454
8.94735
4.36024
3.31043
6.52251
8.17658
7.26331
6.42919
8.40350
6.91038
4.29600
4.85114
11.65579
7.63046
7.00287
7.40916
3.37563
6.07177
7.99925
8.01421
8.07978
5.03991
5.39760
8.67757
7.39351
10.47597
3.70248
4.16478
4.18738
3.53134
4.13064
4.56017
4.97316
4.35151
4.69839
4.93676
4.46871
3.63493
4.34786
4.22991
4.89269
4.25997
3.97742
4.00540
3.70168
4.73209
5.18970
5.18843
5.43299
3.84231
3.50512
6.18569
4.15862
3.69264
3.91940
4.19820
3.32288
3.41787
3.53949
4.56370
4.25718
7.23051
3.45317
3.79986
5.15312
4.49970
5.88901
4.30498
8.35674
5.15398
4.09705
3.21120
3.69760
3.50613
6.91991
4.82209
6.28428
6.17649
4.67000
5.97726
4.37577
5.06584
8.11443
5.83568
3.53365
4.44556
4.25138
4.33921
5.15228
7.00102
3.08875
3.13797
9.87672
6.31817
6.35053
5.80442
7.28665
4.86134
8.46119
7.97340
7.77641
8.03628
6.90867
10.09804
8.67454
7.63177
8.78408
8.49100
8.01255
6.51292
6.50826
3.72220
6.64062
7.09498
6.28635
3.38084
5.62960
5.84361
6.89978
3.03466
8.47048
4.37222
3.32722
8.89795
3.56826
8.31456
6.58914
7.73930
7.20988
9.25321
5.84270
3.14918
6.09336
7.65028
4.17334
8.48583
6.63884
6.68005
8.15898
3.99588
6.87162
7.59027
8.14727
3.24136
8.29410
6.60915
6.54003
5.31590
6.15074
10.53695
6.88938
4.54141
7.69479
5.27060
6.01108
8.83736
3.99504
4.18298
6.50555
7.48310
5.84376
6.32589
8.24527
7.51524
4.55960
5.97121
8.45504
3.15906
7.60302
7.10657
8.22811
7.07184
6.30671
5.07994
7.63650
3.57964
5.60518
5.15835
8.14645
7.10522
4.96814
7.65637
6.38306
8.02249
3.55250
6.68707
5.58968
8.46083
8.31279
5.66305
8.23804
4.21823
4.25463
4.34958
4.03744
4.34450
3.91663
4.08211
4.24810
4.22147
4.29364
3.94001
4.01860
4.64915
3.71104
7.35835
3.35158
3.29819
7.68732
7.05338
3.56949
9.18816
8.28727
4.46935
5.74587
5.21857
7.97416
6.02867
7.98199
6.93083
7.82862
7.53251
4.46599
5.36015
7.93801
8.96488
6.82579
6.89607
3.94599
5.81581
6.69467
7.80812
5.55073
7.46895
5.34193
3.00961
7.54549
6.15276
5.24377
4.07772
3.41014
6.18494
7.41560
8.80255
5.44548
3.67963
4.02356
4.34824
3.95064
8.03580
7.57934
6.57506
4.95089
5.93867
5.43157
5.43157
3.96922
3.24399
5.01013
5.53509
6.88452
5.86784
4.78301
3.48121
7.96990
6.99286
11.33413
7.34682
7.97190
3.96095
7.11552
9.70574
6.18322
6.71025
9.37244
6.01756
7.19663
6.80824
7.05963
4.52927
8.92837
3.35279
3.47963
8.26774
8.82210
6.63391
7.75486
9.66894
11.71749
3.93393
3.72674
8.90940
3.96239
4.56964
4.35033
4.18217
3.59325
3.52019
4.29201
4.59881
4.07637
7.50924
4.73709
7.86553
3.71040
10.15645
8.58340
4.82468
3.68719
4.34681
5.16302
4.36486
10.18895
6.29434
4.89559
4.79977
4.77354
7.54663
6.07700
5.63769
9.22596
8.01356
4.53443
4.01171
4.82908
5.71454
5.35433
7.61030
8.38106
7.84628
6.70297
3.27323
9.60644
4.11858
4.87927
9.82864
9.94809
8.55707
9.48241
8.90302
9.86330
8.96749
7.05927
10.76947
12.25441
10.85469
5.91540
8.35501
5.86034
6.58011
6.83287
4.95860
7.16625
7.46270
8.47127
10.03770
6.50973
7.73797
3.55768
6.52130
4.53019
10.11209
3.92282
4.05360
7.27234
8.56175
4.55445
3.96361
7.10199
8.99063
7.71787
4.90258
7.41635
6.67209
4.70008
12.49655
3.22252
12.39131
5.03283
5.78535
7.56161
8.51666
3.73535
5.19682
4.82050
4.82050
9.15395
3.95766
4.83898
4.05764
7.27788
5.77889
5.71454
9.06507
8.40197
7.60339
8.18680
4.72492
12.21015
3.52601
5.68009
11.62262
9.90833
4.01114
5.19600
6.64024
6.58317
3.13267
5.71998
9.91670
5.79842
4.02841
6.03921
3.19501
7.79134
6.01546
4.20367
4.03473
3.97205
4.58231
6.17984
5.54339
5.66423
3.64908
7.86708
5.57542
5.87075
4.35929
5.70437
6.80934
6.47015
6.92763
6.35422
3.73127
8.54148
3.60681
7.10082
5.18563
6.66323
8.58744
6.35946
10.08156
3.89494
7.42286
3.88764
5.88015
9.04120
10.19093
3.78442
3.64982
3.60426
4.83835
7.08326
9.56392
4.87146
7.01955
4.04302
3.83141
3.60831
7.39657
9.42298
7.83083
5.48980
8.67182
8.99392
8.00099
4.36524
7.67015
4.91646
10.62546
3.34050
4.06384
4.11570
4.14961
4.34793
7.75953
3.15780
7.60380
6.51332
6.51332
6.39481
5.45515
8.61174
7.20732
5.58528
4.08794
5.73373
7.61535
5.42947
4.00586
6.42912
7.77957
4.79192
3.96904
7.97656
8.87438
5.91380
5.31937
8.74021
6.54801
7.47751
7.49531
7.28112
7.62504
4.57936
7.53266
6.27838
4.89382
4.14985
8.38619
3.34609
7.23003
3.57119
7.03663
6.14134
8.02011
6.17601
5.37374
6.35687
9.10492
4.91392
3.10518
5.75535
3.85953
6.63515
4.60830
5.79988
5.54549
4.88376
8.22202
8.25124
10.46541
8.01800
7.04185
8.08176
7.07479
5.29506
4.77305
3.09090
6.59468
5.12472
8.95970
4.34256
10.04046
4.26892
5.20875
9.58622
5.45128
8.62046
9.33503
5.71910
8.34612
7.59552
6.44310
4.12366
8.25564
9.59039
8.97573
6.71239
8.86118
10.04427
7.88267
7.57244
9.18498
10.78622
9.14788
6.48282
8.92778
5.95510
7.60574
4.60602
9.49451
8.05460
5.38500
4.43007
8.78847
7.95896
8.41558
4.96528
8.51876
5.03335
9.67214
4.51347
7.93376
8.57676
9.82921
11.32333
6.69108
8.40388
8.70068
4.24551
4.16161
4.73547
3.66679
8.35041
7.47805
4.63022
8.64961
6.75225
8.34926
4.52940
6.23340
10.18514
7.72713
8.20673
8.43797
5.57787
3.55050
12.13859
6.93174
7.56048
4.54306
7.69355
9.23805
8.65024
6.82340
6.42417
8.68115
7.93408
4.63296
7.24222
8.82808
5.94808
10.27707
8.50944
8.70785
4.86272
4.23066
3.65396
3.25310
3.38227
3.68321
3.68321
4.18639
3.40206
4.06586
4.17289
3.43792
3.36476
3.38061
3.93371
10.64967
7.49997
7.22483
7.22483
7.60040
3.86539
5.98041
5.70176
3.74532
9.58201
7.12906
7.65190
4.59778
7.91438
7.16337
6.93302
9.37725
4.06469
8.74719
5.76835
7.86692
5.83655
8.69945
5.63313
8.49696
7.22391
6.75011
7.46902
4.95301
7.21947
4.32689
4.28481
8.63016
4.07392
6.55480
4.77217
8.52930
6.49395
7.17407
7.28638
5.11554
4.07161
4.76614
3.95825
6.27556
7.28606
5.93374
3.29018
6.33712
4.44071
7.35711
8.61271
7.86707
7.23720
6.91397
7.09179
4.40546
7.99346
5.91473
5.54350
7.42729
7.77532
6.34105
5.29410
6.97130
8.46702
4.84819
8.19774
3.84648
5.37840
5.60979
7.53126
6.19603
7.70975
7.56590
3.87562
9.82876
6.30897
4.84578
4.06572
4.72411
5.26049
6.81430
7.96549
6.10919
8.19407
7.73208
6.55250
10.48801
6.06912
4.15303
5.37684
8.50311
10.92502
8.26630
5.65486
4.86736
7.59269
8.27741
8.25652
4.15406
4.51131
4.22889
5.39439
6.16022
6.29833
6.00681
4.84184
6.48002
9.81994
5.93943
3.88363
6.20948
3.05683
4.79421
10.65142
6.87270
6.92737
7.08570
7.11422
6.99115
5.28287
7.04373
8.48387
5.50166
6.36367
3.03309
7.56738
3.59373
7.03925
6.41346
5.53048
5.41252
6.61315
3.90834
5.17924
3.69833
3.67400
3.82630
3.50906
7.88377
7.30270
4.75387
8.91037
5.70482
3.62840
7.13799
2.98161
6.77499
3.83928
7.84713
7.93936
9.11635
9.65968
5.26772
7.77033
8.42169
9.77995
8.66250
6.75436
6.53230
6.88996
4.35911
6.48712
6.26490
9.22305
8.40512
6.53038
5.63067
10.82033
6.78621
7.82764
4.31755
3.96181
4.08457
7.93495
6.11808
8.54840
6.59262
9.91819
9.10506
4.16735
6.47661
7.40709
9.09715
6.11498
10.02600
7.09469
5.27950
7.85381
6.28403
8.54406
4.68749
7.78976
8.25536
6.40486
8.67674
7.22045
3.64507
6.46234
7.76088
4.15263
7.72043
6.99566
7.63483
7.57096
5.69202
7.94161
4.43564
6.52794
5.92456
3.90467
4.02330
6.10567
5.22681
3.63924
6.55799
6.84486
9.58818
7.53270
5.72164
3.00665
3.61685
3.63386
8.22217
4.62504
5.19349
9.39753
5.01289
8.59249
6.70790
6.53537
4.79031
7.96055
5.50704
5.10406
7.85510
7.10547
9.76769
6.63486
9.75917
8.31141
8.46948
8.39114
4.10991
5.82240
7.33753
7.80240
7.13184
3.73229
7.57079
5.11199
4.98311
10.62489
7.53415
4.65754
7.62335
8.21886
7.19824
5.99836
5.48910
8.21274
8.90719
7.20120
7.75600
7.76302
12.35551
8.02509
8.23178
11.36114
7.71020
3.12924
6.10032
6.60300
7.79285
8.14044
7.15036
6.91510
6.17286
5.55471
5.33032
12.26685
7.49088
7.40915
6.56322
7.26329
6.54074
3.54741
6.15771
7.87280
7.15769
5.16926
6.99144
7.26007
7.96753
5.46624
8.45913
6.66200
8.22930
10.73837
8.43836
7.86036
3.72211
6.19920
3.83678
4.30226
7.93683
9.11593
8.36130
8.50142
6.00440
3.89294
5.16739
7.29187
4.17430
3.80416
3.95680
3.15149
6.92001
7.02783
7.66018
3.46873
5.18221
6.50225
6.27449
10.85989
5.20309
9.21991
3.93815
8.98326
4.73647
7.81029
6.24493
3.79029
5.09295
5.60217
8.79098
3.68968
4.83953
5.45418
3.74602
6.57058
9.87519
3.76628
9.94079
3.41077
7.49066
4.90647
7.00459
8.20314
5.30597
8.42842
5.31467
8.43227
8.07678
8.28272
4.49580
6.97210
5.05592
3.70497
4.49489
7.94865
6.46613
4.92337
3.16762
7.68075
7.68410
7.64831
9.43952
11.98702
6.01906
3.51720
7.38256
8.35730
7.56833
8.98261
9.22744
7.57451
5.94701
5.63901
3.68901
4.05363
7.78694
4.92466
5.57699
5.57534
5.28123
5.11004
3.59568
7.58514
7.86151
7.94879
4.50927
7.94512
5.71455
5.35632
7.67335
9.17028
3.29849
8.81485
7.17807
5.71049
4.08125
8.56621
9.02986
9.59288
10.21007
8.40365
8.97902
9.58455
8.62921
6.62974
3.80802
8.66750
8.62050
8.76882
8.04025
10.97914
9.49592
8.54791
8.49282
8.65236
8.06723
8.45502
4.58668
8.97302
4.06991
7.67142
8.44586
9.34521
5.34242
9.09909
9.07754
4.21605
6.50575
6.03804
8.20062
8.36517
8.47545
8.09278
9.35445
3.53848
7.67771
8.60580
7.66561
9.03481
6.31433
7.27492
9.28245
8.72114
9.31793
9.09439
7.85203
8.25336
4.99966
3.63308
3.52186
4.41804
8.15342
6.39112
3.30205
6.34333
6.86842
4.09478
8.62042
8.33459
6.12845
5.85079
3.69830
8.87466
10.83658
5.13492
6.54511
6.31419
6.79028
6.12955
6.40130
8.78202
2.89797
5.94952
3.83704
9.43045
3.56983
9.78000
4.93092
10.95492
11.36134
8.60587
5.01743
5.08467
11.51514
9.66078
3.81982
10.54123
7.02468
7.48573
9.47244
7.35797
9.98262
10.90943
5.30179
4.48936
7.00019
5.48981
9.18876
5.92152
6.36373
3.65648
7.26180
4.94365
7.49854
7.42339
5.23077
8.86256
8.07864
3.07392
4.54112
7.12894
3.82654
4.34428
7.90491
4.58405
8.69772
5.59122
5.47395
4.88166
3.14062
5.86835
3.54032
8.85350
8.64890
8.23544
4.12114
7.75402
4.97680
3.67356
4.52043
4.08432
5.11299
3.33869
6.72526
8.10908
3.06071
8.82231
8.02876
5.79407
5.98858
6.35172
8.30268
10.37866
8.17754
3.82842
7.02307
6.63271
9.12387
3.62773
7.33855
9.35023
7.61683
4.61548
3.70316
5.53813
3.74188
10.67770
9.02995
9.33312
5.01116
4.37858
9.92109
3.27697
3.40907
3.71974
3.05479
5.43023
5.87636
4.09894
5.62455
3.11716
3.37405
3.60319
4.06359
3.45877
8.56076
3.32149
6.18010
12.07147
11.81894
4.25887
4.78725
4.71154
5.31722
6.67000
8.27966
4.60329
7.32375
7.49470
9.00187
3.45873
5.35523
6.92178
5.17059
3.92174
6.34579
3.78800
6.40800
5.82813
4.25283
6.61108
8.61131
6.98858
6.60649
6.90901
3.66761
3.08732
8.22414
7.72583
5.16805
7.57526
6.42918
3.70777
4.98653
7.93376
4.32205
4.88110
4.31835
3.13420
5.17464
3.22344
4.39295
3.67201
5.06746
7.95783
6.57244
9.94956
7.91584
7.68382
8.46363
4.30089
5.45681
8.29086
6.38833
7.50997
10.10685
6.24166
4.69983
4.06784
6.22790
11.11610
3.33620
5.13626
11.64487
6.69531
7.21159
10.17709
7.53224
9.85703
3.70762
6.65233
6.45598
9.25966
4.46066
9.24531
10.34338
3.48175
4.70479
7.90712
5.08418
6.61907
9.35899
6.91964
11.15574
8.02234
10.12978
6.54807
8.21279
3.98245
5.66661
8.09902
8.40235
3.77181
7.61587
5.11770
8.31580
8.33683
10.69179
10.26878
8.94248
5.63711
6.70439
4.38591
3.22151
4.12832
7.51397
8.27878
6.76545
8.49350
6.98310
5.86102
7.73785
7.54786
5.36794
6.76152
7.51198
6.27731
9.29855
9.11262
3.52118
6.34249
6.89391
11.44732
5.21075
7.52099
5.80559
6.56769
10.97107
9.16394
6.85629
5.90596
4.28520
5.00431
4.35367
5.39759
7.14434
6.85893
8.08014
7.58017
8.70254
9.06302
6.40414
5.74864
3.48361
10.72571
6.33455
5.73601
4.59884
6.07219
3.37887
3.69752
10.84597
9.10629
10.67550
10.03401
10.14330
11.47201
5.47220
3.70281
10.49597
9.25429
9.54302
9.78756
11.10607
7.54346
8.50064
8.75441
10.87518
10.46109
9.90339
9.77060
11.51922
10.30104
9.87806
3.92565
8.84878
10.51193
10.82030
8.16019
10.00303
9.17878
8.68673
11.72652
10.66841
8.22041
8.52906
9.83926
9.74992
7.23538
3.20014
6.38335
5.41674
6.36327
7.54017
8.58437
6.13598
6.39391
10.22117
5.69226
4.34223
3.54549
3.42114
5.53869
5.83521
4.89469
5.46149
6.32364
6.88176
7.75015
9.90912
5.08946
7.01196
7.91279
9.40462
9.33022
4.22277
6.60600
6.40300
6.28101
8.72617
10.16397
7.77383
8.55676
4.06431
4.18422
5.49349
3.08355
3.97313
3.55577
3.96933
4.40295
3.36224
3.74996
3.23807
4.82614
5.00382
5.27863
5.92711
7.81166
6.30913
6.00089
3.84464
8.96376
9.91136
6.92832
8.62200
5.52801
8.65108
5.03082
7.75563
4.86711
10.18309
5.81294
7.10946
6.71577
7.42842
6.95563
8.74672
5.78048
6.49539
7.15105
7.30774
4.94377
4.34722
4.65770
4.18188
10.97328
8.77597
10.00644
5.85886
4.97646
3.21949
6.87262
10.75280
8.19410
6.13230
8.22498
8.42433
3.39700
7.48940
7.87847
6.86797
7.48940
9.27136
9.54169
8.19817
9.51674
7.09241
7.01720
7.80722
6.95770
3.59885
4.23210
4.72924
4.33647
4.51367
4.72305
4.22902
6.41148
3.21698
4.01369
4.70402
5.86503
5.15477
6.62471
3.83255
7.67363
7.31219
3.19194
7.01334
11.10734
12.10671
12.10671
7.99734
8.05420
5.02418
6.52867
7.49311
9.69678
4.28634
8.09225
4.11256
7.21022
5.85581
6.53331
4.41552
5.09978
9.69427
6.69062
7.69860
8.72744
7.14761
7.22438
6.76856
4.16032
9.80853
6.87609
6.63201
4.62131
6.42398
9.50701
8.93824
8.31942
7.89014
10.59480
10.59480
10.59480
9.73535
10.82494
7.83283
6.75791
8.67110
10.48966
4.83127
5.62991
4.95590
4.79507
8.32250
8.33978
8.43603
11.40297
6.51073
6.30203
4.87727
2.91860
3.95484
3.24979
5.65298
5.16702
5.32019
3.30572
4.81125
4.48426
11.06920
7.22990
8.00783
4.93928
5.36984
3.72841
4.64170
3.67701
4.05151
7.15970
8.77011
11.99419
7.47227
5.51672
4.12119
3.63212
5.49413
5.73105
5.04095
5.40859
6.26614
10.72866
4.67104
4.36394
4.93973
3.52505
3.77173
3.63332
7.66282
8.39184
3.79916
5.49051
5.22734
4.49755
6.50917
7.87684
3.54688
4.68852
3.82793
6.06394
5.14296
3.79184
3.41244
5.56931
7.35423
6.29687
8.18155
4.96902
5.97359
5.61372
4.11411
3.97086
3.80095
4.53802
3.41858
7.25401
7.11761
7.75552
3.75341
9.70453
5.82095
4.12766
3.38085
4.98268
5.85008
4.67526
6.22574
4.62742
6.86632
5.88590
4.82953
5.25948
5.11857
3.56194
4.37891
3.95208
10.58442
6.04794
7.15074
9.17073
7.76480
8.63679
9.23452
8.75541
7.19273
9.31262
6.93126
9.40099
7.32091
6.81155
5.36298
8.04223
4.93133
6.95173
3.55790
3.95092
3.61442
3.55882
4.21109
4.95048
3.30474
5.09318
3.74496
7.53373
6.41342
7.04499
6.93729
5.71587
7.00036
8.65790
5.43863
7.03703
8.62696
7.21628
4.62627
8.24100
5.51183
6.59037
5.67176
7.60681
6.28125
5.30768
8.22573
6.35448
5.52005
6.69639
9.36757
8.70403
9.40997
7.85137
6.02270
5.38869
4.62398
7.67884
4.70090
8.76952
9.68297
7.19142
9.32053
7.02941
4.03613
9.48515
4.71325
8.82951
7.13714
7.58366
7.37025
9.98874
6.06362
6.70202
10.63058
8.09119
8.49728
4.40201
3.59128
9.94487
5.53564
8.56316
4.82660
5.75656
7.45208
5.38524
8.78744
7.29505
11.63331
11.86977
8.05491
6.21066
6.46962
4.49513
5.25425
5.50010
5.12721
5.74071
6.12154
4.93889
9.93191
4.12076
5.76938
8.87580
7.16422
4.32043
5.86492
6.60657
5.76842
3.62394
8.04249
7.02513
10.85809
3.41652
5.97047
4.29773
7.11412
8.19876
3.61697
6.74825
3.82577
5.07289
3.59495
3.48429
3.79364
7.18905
5.03198
8.80517
4.01982
4.01982
3.55252
9.35745
3.95422
4.14736
3.91228
3.33923
9.41063
3.45743
3.65759
4.81119
3.71255
3.20220
3.98319
3.94371
4.08210
4.17197
3.85460
3.25249
4.24470
4.42574
3.33611
3.88610
4.17379
3.99481
3.69080
3.67138
3.45995
4.14760
4.02840
3.76271
5.16328
3.48363
5.44005
6.91319
5.31956
7.20119
8.32200
5.22599
5.65076
9.20361
5.24131
8.65580
7.40621
8.44864
4.14832
5.63217
7.95708
9.52173
7.77675
7.26515
9.07484
9.37488
7.38045
6.45083
5.51765
4.36337
4.59931
4.87103
6.03742
8.42192
7.37552
3.36726
3.50895
7.53266
4.88246
6.80415
5.68436
4.22531
7.31306
6.26649
4.84929
9.22467
8.26287
4.99864
7.98828
8.10795
8.66877
4.21191
5.68154
7.34148
4.04707
5.07789
3.09767
3.67575
4.79780
4.81165
6.13383
4.95699
4.00114
6.46993
9.25470
8.60428
9.43513
7.16244
7.17188
7.23420
12.40549
4.66746
13.13260
9.73797
7.42943
3.66659
4.35161
7.33208
9.62282
6.80322
5.74995
3.43653
3.72048
7.55066
7.58388
5.97944
8.26486
5.29693
3.69988
7.90286
3.43579
7.43424
8.89810
4.92707
5.20871
8.34246
6.39022
6.02010
5.89798
5.57857
4.19270
7.85863
9.23968
8.31311
9.36251
6.93226
7.34085
8.83863
9.32096
7.06866
7.31301
9.60172
7.68729
6.79977
4.25587
4.47660
10.62918
7.25169
7.51005
7.20033
5.85920
3.73918
7.30758
3.53843
11.49035
8.88035
6.18271
8.62196
9.36849
4.35481
9.07602
6.17894
8.27378
5.53809
8.96531
8.48463
6.76535
4.52893
7.04544
4.95293
5.79838
5.52419
6.03752
4.19485
4.47638
4.09767
4.35365
5.91613
5.25688
4.45934
4.69751
4.58125
8.84442
8.84926
5.83627
3.09270
8.47913
6.50508
7.96856
7.05363
6.41311
6.90118
10.39510
7.67684
4.86969
6.95160
2.97700
8.26638
4.25978
6.82304
3.87639
4.23904
3.51640
4.72791
4.72791
4.72791
4.54779
3.32011
6.44032
3.29436
7.06663
7.75580
5.54245
6.22706
8.00562
8.98244
5.48484
3.20461
7.56005
4.13999
6.96875
9.30198
10.93213
10.23606
8.21883
5.54404
8.90198
6.44609
4.46652
3.63972
3.78252
5.47073
4.09075
7.77957
5.55530
4.27527
4.08315
6.80927
4.00151
3.04704
5.50045
11.08990
7.83475
4.29167
6.19006
4.11129
9.13001
8.24773
9.48254
8.02434
8.76633
4.10298
3.95083
3.42697
4.23959
4.68511
4.63701
4.94537
3.37411
4.03967
4.24218
5.83475
6.71597
4.03447
4.74939
3.26690
3.82023
4.67573
2.93854
7.21894
5.59225
3.40019
4.41108
7.90644
4.96014
6.55425
5.41912
4.88898
8.72215
6.13811
5.83568
7.55271
6.87017
9.49926
4.22665
9.66834
8.50929
4.52015
11.54351
9.94834
8.75703
10.85794
5.57524
5.29741
6.10470
3.57885
9.42232
7.53065
5.65208
6.05501
4.90939
5.88576
4.53245
4.99580
7.06741
6.39615
7.46019
7.18920
4.06892
9.22969
8.52436
3.80229
6.58883
5.43442
3.79201
3.51891
8.57656
8.21206
10.42327
5.01606
10.84981
8.46455
5.41961
8.69682
8.07280
6.69141
8.92888
4.68691
3.11632
7.40507
7.32470
3.97488
7.83278
5.95318
3.92722
6.26568
9.75974
7.98253
6.32137
5.74940
6.71440
5.13578
8.53481
6.03216
7.60810
7.16725
6.60640
7.28980
8.68216
6.17399
6.59676
4.74273
3.13771
6.01923
6.07214
4.76781
3.09321
7.14883
7.36989
10.36969
6.42625
10.74763
5.20482
4.42054
4.96428
8.75554
4.81207
7.71684
7.29651
9.64907
10.21893
10.35021
11.30893
3.88880
5.50860
7.88566
7.23311
5.37252
8.40634
9.86752
5.15618
8.89999
3.62459
9.13525
4.68577
4.54900
9.08883
7.28003
3.82004
5.34204
5.63579
3.39748
10.90594
8.07497
4.50856
7.69098
11.19666
7.27384
9.47358
4.19208
4.29902
8.32653
8.37061
3.35179
6.53868
7.59089
8.43169
4.55127
3.36761
8.43883
9.97830
7.28993
7.34956
7.19868
4.35294
7.09608
5.78565
7.46782
6.32866
5.41090
4.15923
4.18649
3.66448
5.74231
5.48483
8.83845
4.13689
4.23692
6.07641
9.43919
7.74360
7.40497
5.21156
7.90806
7.05737
6.64976
7.29229
6.36386
6.13203
6.68201
7.09609
6.64350
7.75440
8.59223
6.12315
7.82639
5.87986
6.55095
5.97853
9.41670
5.48201
4.78118
8.51762
6.70818
8.36551
9.28282
7.76288
4.56290
3.85410
7.44065
4.30125
4.43352
3.59349
6.66698
5.46721
5.78749
4.83625
5.05123
8.47552
7.38574
7.55618
7.04136
7.22070
7.73338
7.08049
7.26002
5.77538
8.49145
5.58460
8.47478
6.64889
3.44429
6.99785
4.46506
7.20294
7.07831
7.85028
10.08680
7.40201
6.10017
3.53375
8.76259
6.24817
3.85223
5.04172
3.42167
4.51579
7.84593
8.28521
6.46206
7.69861
6.30583
3.32341
5.14974
7.60700
3.98739
6.36224
7.31103
5.91240
6.99262
5.45454
4.32399
7.84679
4.13355
8.23209
6.63265
5.11917
4.16207
6.83436
6.73837
7.66445
3.35542
5.81261
5.71591
4.13928
3.45965
4.33742
7.03962
5.88743
7.14115
3.77984
5.81243
8.34306
3.17041
7.92183
7.13605
3.96447
7.49854
6.81245
6.64633
6.89072
8.10355
4.72022
4.14760
6.95302
6.72930
6.77966
4.51295
5.98993
8.33940
4.91623
5.23977
4.21584
5.18646
4.48889
6.88931
7.94671
5.18749
7.93441
6.75919
6.31818
4.20749
5.23196
7.47667
5.69703
5.95877
7.54147
6.68041
9.13359
6.43338
3.55770
8.39598
5.66972
6.78679
8.43300
7.67390
3.58701
6.17049
4.00551
8.64304
5.33678
8.03214
6.05373
5.42333
5.88709
3.94850
8.67675
9.56350
9.41009
4.34711
10.06265
6.35289
10.62678
10.72309
8.99503
6.94422
7.14974
7.10841
5.35828
9.23101
7.01245
6.26230
6.61650
4.27607
3.98691
5.72771
8.79030
7.86620
3.87212
7.53386
7.60444
4.51587
5.39132
7.21831
7.46221
10.03807
8.01273
9.66063
8.61034
6.90513
8.85810
8.51765
7.37853
3.24190
3.67201
8.25203
5.26737
5.21314
6.89085
4.70165
10.11830
8.20885
5.16154
8.62126
7.59817
5.44392
4.97656
6.51785
7.60359
9.81128
10.01224
9.58519
5.68515
4.08257
6.55088
5.02601
9.44692
8.14457
7.83296
6.77719
6.99876
9.31718
7.26985
8.06804
7.85382
6.81954
8.48312
5.42038
7.54052
6.71339
8.45278
5.73366
6.69677
6.00838
7.46794
6.22493
5.80438
6.94800
7.12687
7.98347
9.06167
7.72926
4.97710
9.97254
7.55050
5.75206
9.11871
8.84774
10.04707
9.59953
9.34556
7.99771
6.91098
6.91098
5.70350
10.11062
10.46529
7.22953
6.94038
6.65977
8.52673
6.70414
3.35582
8.34696
4.50540
9.58538
7.03974
4.65409
4.36125
6.84679
11.11423
6.48928
5.90712
3.61520
8.83505
5.41399
7.00356
9.28822
9.17439
8.59620
7.53689
5.90719
4.68578
8.39088
5.37552
3.08225
8.53236
7.17147
5.46851
3.41046
4.25004
3.90000
4.02018
3.80080
4.15790
3.09377
3.42208
6.78670
5.19704
11.65395
9.27945
8.01279
6.41819
8.16802
7.23005
8.66153
3.45019
6.02494
5.61845
3.73896
7.23796
3.76648
6.94546
8.89450
4.43408
3.12426
6.90015
4.15054
5.87651
5.37278
5.61370
7.52402
7.87839
11.31435
8.22482
7.83173
7.85000
8.14171
8.11266
9.01161
6.55667
6.09781
8.13238
8.14441
5.17899
6.95272
7.76051
4.15176
7.63689
8.47717
8.20641
7.44919
9.59332
9.13308
10.99315
7.56135
9.09681
8.23943
3.95047
6.32094
6.82942
10.15863
6.34576
4.10702
6.43394
2.90904
5.47259
4.09380
7.86227
9.23720
5.17080
10.06865
10.07627
7.55158
5.91345
9.01783
4.32863
6.48493
7.21450
5.88382
8.44000
7.17389
8.72225
6.21366
7.63027
6.36547
9.52674
8.58729
7.52373
4.92762
7.03632
8.22317
9.42727
3.64329
3.50734
4.89473
8.44326
7.08224
5.98604
7.76757
7.94594
10.78797
6.14191
7.87807
3.68906
7.66928
5.18882
6.38763
4.21255
3.96675
5.05660
4.65505
9.47540
7.76846
9.26066
5.91067
6.84393
4.91521
4.41188
4.98614
3.72036
5.75994
7.09340
4.04700
4.28665
3.50833
12.39613
8.17127
4.66234
11.27254
10.34595
8.31231
6.59632
7.58265
7.41080
4.07059
7.45680
4.50009
4.70891
5.30840
4.26659
11.40188
7.50422
4.84032
5.06997
3.62211
5.35753
4.20391
4.49025
5.49643
4.20618
7.85371
6.79899
9.68144
5.30702
7.83466
7.88474
4.80392
7.09104
6.97446
7.87938
4.03108
4.70456
7.91941
7.32231
5.10759
7.88835
7.63250
3.14711
8.50227
9.04695
8.06987
3.67305
3.75209
8.95840
7.79836
9.12323
7.97193
4.46562
3.66767
4.77716
4.54030
4.17472
3.69377
10.07376
6.12564
7.29232
8.57823
6.28981
3.51135
7.85025
4.39279
6.64653
5.74626
10.07660
5.50953
6.94653
6.88177
3.49238
4.40332
8.29064
8.94381
8.88795
6.36658
7.44733
8.09714
7.37436
8.74274
7.99135
8.33689
9.79305
5.81161
4.35809
8.20240
3.23802
8.62442
9.42955
7.87031
10.28585
9.26044
8.71220
7.05772
6.45265
4.90686
6.64472
4.85527
5.77314
7.07941
6.44775
6.10116
6.32026
5.96514
6.80246
3.65353
4.23359
4.40086
8.85151
5.50476
4.34489
7.69152
3.34393
7.14577
3.73922
3.23409
12.49435
6.76419
4.55816
4.46171
5.83589
3.98969
6.18315
5.90760
8.24953
3.65896
3.88401
3.52865
4.71660
3.51715
4.18104
8.43234
6.80943
11.07763
9.24774
10.61552
10.37607
10.44327
9.72058
8.93762
9.15620
8.84268
6.01312
10.79575
12.21188
9.90126
9.90450
10.51092
9.54246
9.64992
9.97808
11.30907
9.04364
6.94311
9.15214
9.67398
9.82936
9.66796
9.41179
9.97256
8.51743
6.85769
10.49741
10.15950
8.80033
8.95379
3.61627
9.72277
9.20717
10.09451
4.19394
10.57102
11.08256
7.00304
7.35575
8.28166
9.05414
10.88039
7.84551
6.94366
4.74650
8.20869
5.73510
7.39774
6.96875
10.51670
7.70047
7.48225
6.05551
8.81205
4.77037
4.12908
5.94289
10.58642
6.85155
7.39004
3.26611
3.88205
7.79740
5.90958
4.64819
4.05521
8.81448
6.42769
7.19009
12.06371
4.83724
5.86371
5.24766
5.98835
4.40643
3.01676
4.59409
4.30154
3.89196
9.82355
4.97083
5.81419
8.67995
9.41798
5.69059
5.61616
8.30401
8.57158
10.06743
6.57545
7.77679
9.57483
7.39351
5.38930
6.28511
5.62351
5.83833
5.10785
6.70843
7.04958
4.30835
4.39843
7.38974
6.15067
7.46531
5.72039
6.85456
4.34859
4.55369
8.28168
6.88851
4.36858
8.11929
9.33004
5.78448
4.40638
3.65484
10.92401
7.27010
4.15833
4.80646
10.96975
3.67643
5.10056
4.16873
6.71409
5.10481
5.90151
8.72110
9.23172
10.03391
11.40936
6.08757
10.13870
9.96858
9.29362
6.74191
3.37231
7.15748
9.25775
3.63169
5.00999
5.37022
4.54355
7.23261
4.10325
3.92725
8.26896
7.95893
3.44346
9.09084
7.87728
6.74219
3.80033
8.62580
8.04635
6.65025
7.91186
7.30373
4.11938
3.77976
4.72517
7.40390
4.59201
4.56974
9.77787
8.32326
8.24260
3.49788
6.73595
8.18278
7.26686
7.82725
6.46716
8.25954
4.21063
7.95921
8.42148
3.46494
7.70890
7.04887
3.70050
7.05574
10.90565
6.82635
7.50153
5.72264
9.88792
8.15173
8.20688
7.97142
5.94427
9.14887
5.18302
8.07951
3.23310
7.79786
4.49524
9.38835
8.15797
4.22130
5.41798
7.92460
5.30677
6.56778
6.47638
3.73667
4.62770
7.85398
3.20636
5.19290
5.23900
8.01621
6.67063
10.23810
7.13042
7.70909
7.64689
5.65411
6.03260
9.62107
5.87069
9.41089
9.56716
4.83649
6.16819
7.51170
7.44688
6.77329
7.28627
6.16963
8.74078
7.58868
7.22783
6.43813
11.12587
9.31732
6.68134
9.54642
7.91067
7.27191
11.26713
8.93210
8.06026
5.72588
6.92346
9.12218
7.61639
4.51965
4.58751
7.22182
7.00502
7.47646
7.37620
7.39807
9.18923
3.82642
3.01385
5.00117
9.24220
4.92731
8.71967
5.75802
8.88928
6.71905
6.31409
7.39553
4.64317
4.77139
8.60381
3.72719
6.28453
4.75251
6.40620
11.42994
6.27265
6.46340
7.70096
6.03146
7.88149
8.15319
7.23732
7.28207
9.93700
11.13537
4.58525
6.69677
7.27541
6.05868
6.59169
4.61362
5.81705
4.00167
4.50336
8.05889
7.50982
3.71975
5.85342
4.41321
5.22276
8.68339
8.78426
9.38055
3.06697
7.81636
5.01521
3.55063
6.46943
6.52354
6.04824
4.16619
8.39315
5.20489
6.38551
6.08038
6.36793
6.27016
8.18160
7.95599
5.66303
8.05049
3.73066
4.92295
4.91396
3.87611
8.32695
9.42484
7.30851
8.52458
10.29487
9.21504
3.84144
8.69845
3.78571
6.78102
6.17890
6.09335
4.93003
8.26459
6.03664
6.61606
7.93970
9.34503
7.81946
4.89046
6.41239
9.00755
8.31587
8.66737
5.53060
8.31798
6.82707
3.57731
7.78601
10.59276
7.76868
6.88665
7.61380
9.70877
7.48968
7.01690
8.64825
8.72010
7.70019
9.84058
5.99852
9.92684
7.36018
3.57258
3.74962
3.74962
8.10216
3.90741
10.21365
3.98486
6.31353
10.14552
6.30937
7.16567
6.12283
6.24664
3.91870
7.14861
7.96593
6.73980
5.64608
6.96723
7.59974
9.85971
9.64180
7.55795
7.94075
7.58914
4.11981
7.40058
8.81669
4.67689
5.33316
6.58012
6.89388
5.28982
7.98652
7.25732
5.13746
5.37240
9.16949
4.62603
3.97224
3.73506
7.16634
6.69370
7.14357
4.68389
5.51438
3.82200
5.26316
10.12358
3.56534
5.69934
8.78693
4.93002
7.13534
4.74811
4.82759
7.91480
7.77144
8.29889
10.31139
6.91405
7.72266
7.97489
6.25452
9.63836
7.59174
7.31203
7.28729
5.08900
9.10670
6.91733
3.99441
4.68929
3.49574
3.10154
7.85703
4.05437
8.33790
4.67156
8.43725
8.26550
8.19866
4.74169
7.49685
6.38448
6.38448
6.38448
6.38448
4.46451
6.21047
7.19348
4.79640
4.34223
3.80011
5.27564
7.03316
4.44750
8.22303
8.71044
4.05048
4.04131
5.21163
7.84664
4.86689
3.40248
4.37794
3.90563
5.87258
7.82194
8.08153
4.07168
5.74508
4.98340
4.65489
7.33268
4.73594
12.19678
7.76602
7.04836
5.64775
5.77179
9.21591
8.51084
7.32983
8.21428
6.30411
8.12890
9.02725
7.62495
5.56473
3.86656
8.33845
6.70329
7.56309
3.45853
3.59051
3.49950
4.46326
5.87092
9.95133
5.34313
8.65131
7.19981
7.58520
8.14185
5.66058
8.82261
7.67335
7.88665
3.34313
4.16881
7.98167
12.40549
3.64926
4.10324
8.19670
6.51622
6.88395
6.91776
3.25857
5.44962
7.57109
8.54654
8.30164
8.71848
4.99024
5.61440
10.08994
4.93588
3.91034
8.95536
6.76391
8.84604
8.81084
8.19086
7.47269
8.80620
8.23464
6.42194
5.69794
6.06120
5.18634
6.93758
4.20350
9.35200
5.53671
9.28474
9.46583
7.66417
6.32456
7.09197
6.57424
7.65111
3.80669
6.65649
4.18222
9.53364
5.52245
7.90858
5.02554
6.00692
7.52229
8.24594
7.15190
5.64137
6.44720
3.40944
8.80725
8.64913
4.35632
8.71004
4.67861
6.11973
5.76461
8.17446
8.13846
8.13846
5.13314
9.29783
3.92529
5.60342
6.27391
5.89542
8.24876
5.17982
7.51952
9.02477
7.97490
12.80027
8.83064
5.04969
6.92453
4.28637
6.50985
4.71873
4.50391
5.28144
5.05200
3.59795
4.89278
3.74237
5.80903
8.73081
8.32993
9.23389
4.27025
6.23398
5.56970
7.50757
5.42537
2.92551
9.66046
5.68573
4.95644
4.73928
4.13682
4.85733
8.93152
7.58331
12.16673
12.82085
12.94879
11.25342
12.84695
13.32674
10.37146
10.69359
7.69162
5.63519
12.94315
12.84766
3.93480
13.10667
11.58435
5.26394
13.91114
4.59373
13.18153
9.27456
13.42023
13.61927
10.15397
12.62656
12.69490
13.85314
9.66731
13.33747
12.99569
12.51679
7.90819
11.93596
12.74620
10.89981
13.14690
10.11405
10.48024
13.63063
4.19122
12.50239
14.33815
8.29343
12.65296
13.26263
13.13528
13.06002
13.15091
13.26713
13.53329
7.58952
10.41641
11.03214
7.15061
9.23941
7.60674
8.42327
8.08888
8.45607
8.12878
4.28237
12.15722
13.36390
13.45942
13.15520
6.99349
13.25376
13.53857
13.36791
13.49805
14.12754
13.68954
12.28318
10.24935
9.03433
13.56259
13.51234
12.55925
12.11802
13.83535
13.24619
11.02854
8.29986
13.30266
12.94185
11.21714
13.35234
4.45310
12.53551
10.71397
7.24287
6.54862
6.84106
7.33068
6.43543
3.73888
6.80222
6.61676
7.70822
13.21520
12.52353
12.17568
13.05331
13.05331
6.48986
4.56089
9.63656
5.37245
9.32345
8.51830
7.54259
7.26753
6.72043
5.26360
3.94658
9.95887
9.72764
6.62901
8.06151
5.38958
8.71920
9.59925
6.74281
6.86042
6.26089
9.31388
3.86790
8.03700
7.76776
7.82247
5.70168
7.28449
9.10002
4.89178
7.04740
10.10401
6.11587
8.98677
3.89235
5.31257
6.35999
6.34678
6.09483
9.68967
11.61516
8.11202
8.24209
7.29804
6.33253
5.45819
5.29549
4.94176
4.26191
7.78347
8.52328
6.71544
8.17404
9.50927
9.60841
7.09177
7.82333
3.44609
7.97964
5.55186
4.01586
8.48657
7.89101
4.99496
3.60489
4.01131
6.50042
12.06534
11.66827
4.10220
4.08501
8.72007
7.20680
4.29825
10.70339
4.28999
12.21515
7.64154
5.93148
10.21179
5.66992
8.87279
8.24005
6.30583
4.61471
6.18178
4.50501
7.74093
9.40828
5.68135
8.63995
8.94423
7.09460
8.93245
6.66582
8.59412
4.81201
3.19408
5.86439
4.91486
5.18362
6.30588
7.27376
8.63812
8.24071
7.17054
7.90374
6.29227
5.92439
7.93708
7.48229
8.19262
8.46330
4.17190
4.77507
9.38408
6.09137
7.96640
8.01737
7.77560
7.51073
9.07813
8.10528
3.20723
8.19139
5.56798
5.07986
3.17496
8.36818
5.40317
5.43306
7.68926
9.10611
6.31384
5.59793
8.13994
8.34543
5.40022
6.34798
4.85703
6.31304
5.40859
6.36054
7.39103
5.45698
3.37890
8.70921
3.96737
3.03987
6.40270
3.72961
3.80153
5.40811
4.29804
8.20411
5.10223
4.81313
7.29963
6.29530
6.79814
3.52591
3.60890
5.56690
3.53087
4.01561
3.51235
3.63857
3.76730
4.48579
3.70349
8.80901
5.09340
6.20244
4.21874
4.25503
9.34217
10.08638
9.75432
7.85044
3.81333
3.82661
4.18195
4.41263
3.85320
7.66214
7.01397
9.37653
8.00733
7.37894
9.23836
11.21727
7.70034
8.00677
8.46631
7.72304
9.48256
7.41518
9.24513
4.21225
9.70219
4.09306
3.68255
8.04853
6.89321
4.34694
10.54529
10.47802
7.59492
5.06018
4.14721
8.64923
6.23667
8.80572
8.63691
8.24740
6.84357
6.50417
8.92476
8.55143
5.65801
10.21570
5.62276
9.73637
6.13927
11.57237
10.70472
9.97853
8.02723
7.10467
7.75717
9.46661
6.66400
9.00700
4.64694
8.05623
7.14012
5.72683
5.89565
9.81178
3.79716
4.08139
7.85384
3.47532
3.08723
6.23757
5.43497
7.40852
9.37565
7.56122
6.17042
4.89659
6.47585
4.20246
5.07951
3.72273
4.40777
3.01586
3.22869
6.87661
6.94187
6.13109
6.89969
3.72389
8.78743
9.36445
10.50978
9.39287
10.24881
11.33438
5.07553
5.29826
8.65045
9.21775
6.70701
3.99727
10.19986
4.46159
5.49392
3.95593
3.67477
8.18474
3.40834
4.09222
3.70272
3.39315
7.68217
8.32199
5.76988
8.10888
3.63829
3.66189
6.16103
9.52335
10.13268
5.72529
9.47610
10.06080
6.36787
3.63829
8.81869
6.42951
6.70250
11.12682
5.89414
5.40411
9.20177
6.53930
8.78153
6.62510
9.64586
6.66035
5.84718
5.97557
6.77724
7.21484
4.24146
5.60190
5.28080
8.25944
7.41757
8.52604
9.24179
9.55296
6.21276
7.83391
9.78604
6.49519
7.04576
9.52520
9.78400
7.96321
6.40743
4.50426
7.74054
4.36882
4.36882
5.09553
4.11742
7.37119
7.34683
3.75284
3.46979
4.45227
8.22157
3.51776
9.99935
5.55141
6.99126
7.15026
7.02048
5.57245
7.78038
7.04265
6.64699
7.38676
6.93621
7.37781
7.00573
5.19912
6.92798
4.90758
3.86294
5.45223
10.33846
9.29174
6.02839
6.16730
8.03917
9.42509
7.66288
3.73141
4.10419
9.49788
4.71513
5.92094
6.16876
3.88494
10.26209
3.89364
5.75052
7.35607
6.00991
5.07289
10.39408
5.59620
4.55579
6.60165
10.79769
4.75622
3.51455
8.00420
8.72901
3.77944
5.40973
5.08980
7.27158
2.96428
7.91981
7.61668
5.24297
8.68621
8.07662
7.53106
5.02180
4.31209
3.97216
5.89556
7.26842
8.30090
3.44332
6.20836
4.01608
7.23362
5.50203
4.20371
6.41411
7.32303
6.89293
8.01641
6.26289
3.52933
4.53977
7.57211
7.47975
6.26652
4.17466
6.88356
6.24964
8.06066
5.86523
7.76470
5.22377
4.24657
4.76187
4.53911
3.43857
5.41985
5.23115
6.44122
5.34122
5.39042
7.51800
8.25682
9.66791
6.03105
8.16155
5.53011
5.25060
9.77163
4.47246
3.36355
5.21936
6.79251
3.54977
6.61134
4.77968
4.91929
3.49980
4.01558
7.03358
5.23956
3.13758
7.35014
6.88314
6.99393
4.98299
5.50057
5.19041
4.86873
4.08243
3.52090
6.60477
3.32821
4.10770
6.09637
3.59601
3.70664
3.83090
8.08636
5.35386
4.09642
7.81744
6.78535
6.61133
3.92245
3.64606
3.66624
3.90967
3.25388
5.67833
6.26888
3.92700
4.27659
5.85886
4.68417
7.43461
6.84912
7.36002
7.21350
7.92354
6.10031
7.56155
5.54172
6.99035
3.11800
6.45878
9.53119
7.40916
11.93317
3.04435
8.93661
9.07597
6.70193
7.41617
4.52525
5.42077
3.53340
9.09860
8.44589
11.47658
10.66688
4.77337
5.12474
7.53609
3.13955
6.41382
4.50575
6.78211
4.79729
4.77162
6.79271
6.11748
7.10853
7.71117
7.25369
4.62247
3.11540
6.76364
3.29790
7.63487
6.54868
6.34184
5.86197
6.19297
6.05446
8.45029
8.09265
6.75997
3.60643
6.30014
5.89446
6.12913
7.57426
8.97072
6.94174
6.49408
7.54547
8.45230
9.46192
3.39321
7.74177
6.08365
9.80588
7.81146
10.16388
5.25560
5.90411
7.65042
9.14277
8.51485
8.19514
8.11973
5.62764
4.20265
3.31085
8.40883
8.96373
4.20345
6.99518
5.84222
4.88431
7.94042
6.46463
5.65583
3.63852
5.02605
3.61720
4.24739
9.38984
3.88067
3.58918
4.22196
5.22495
3.90844
3.94621
7.74142
4.07056
5.65393
5.41624
3.45540
3.99905
9.26015
3.27166
6.48277
6.06560
8.69505
5.14529
4.31124
3.62444
4.14807
6.66483
3.78719
3.88494
7.81239
3.41080
4.87538
7.81105
3.78636
5.95997
3.34166
3.41126
3.38471
6.56088
3.48865
10.62619
4.96139
6.65146
5.30697
3.70105
8.14293
8.06640
4.91460
8.93440
9.01424
4.76853
5.19681
6.03362
7.98159
8.47692
5.41960
8.20860
4.77904
4.48456
7.58954
4.05592
9.20614
5.66987
6.38353
7.48217
7.59443
7.45591
6.75299
8.19557
8.05301
6.65680
8.82001
7.06874
9.62447
4.70370
6.58321
7.59260
8.20405
8.01403
8.81202
8.16533
4.04058
4.77224
3.98417
4.27952
8.49353
3.61461
6.05065
7.83227
6.69893
7.12063
7.12063
9.51606
6.18710
5.19749
6.35369
5.02108
7.75953
8.64771
3.76407
10.07408
6.61031
7.57382
6.26586
5.38477
9.27814
9.99940
7.70050
6.43534
4.75502
8.39715
6.49170
3.82019
7.90147
3.73010
6.59541
4.83344
6.64387
7.84676
3.73601
5.50252
4.78671
3.92924
4.65341
9.40766
8.97121
5.91860
10.65142
6.30570
10.20492
10.20492
8.81019
10.20492
12.08791
10.20492
10.68853
9.40398
13.05331
13.05331
12.08791
12.28318
9.63557
12.94315
7.58331
10.20492
12.08791
10.68853
5.16910
12.08791
12.84695
12.84695
12.84695
12.84695
13.36390
13.13528
13.99488
6.94152
6.94152
6.94152
10.20492
10.24935
12.52353
10.48966
12.80027
7.25187
9.58037
9.58037
5.53042
8.48317
6.09978
8.69081
9.11094
7.27792
8.84243
5.03914
9.14782
8.90454
10.43931
9.92993
9.52860
8.08013
11.91821
10.59870
8.53507
10.25956
11.77981
8.05036
6.04193
3.85849
4.48247
3.20120
3.61482
8.22465
6.90136
8.47863
6.81123
8.65281
5.10835
7.11428
5.65829
8.83745
6.75518
8.10198
6.63600
8.32331
10.43353
8.83945
8.95407
8.55315
8.88470
7.24878
4.18273
6.63673
4.81868
7.09669
5.05976
7.70092
4.76712
4.10193
11.46297
7.38953
6.39352
3.90383
8.88352
5.91512
5.84545
6.68417
3.25515
8.19058
8.28172
7.56249
8.42344
4.91571
5.37071
3.84847
5.62119
7.00206
5.31827
5.96789
3.29101
5.13204
4.37926
4.25528
3.92424
3.40991
3.42552
8.85432
3.52529
9.53540
3.81868
6.02299
7.42263
5.71109
3.18498
9.94075
3.47847
6.31720
6.67207
6.29157
6.09759
7.31576
3.27915
8.56189
4.06665
6.44161
9.78302
10.00133
7.80483
6.70001
7.34850
7.72086
6.02807
7.00274
10.20155
4.67511
5.95782
10.63901
11.38885
6.48812
7.57888
4.74080
6.58189
8.56847
8.93846
4.82281
10.45053
7.98670
7.85727
6.07206
4.17733
6.12876
3.39488
5.61305
3.85373
4.34207
7.82507
10.40051
4.97814
3.07918
7.23017
3.03985
8.69200
11.25456
4.85537
7.84806
4.66137
3.70958
3.41235
4.52809
6.68603
6.23684
6.44346
6.72182
8.91623
3.45110
5.87671
4.46923
5.88461
5.21719
5.21693
5.30245
6.68953
5.88613
3.80010
7.98265
7.62144
9.96838
6.77177
6.84310
5.10524
5.10337
7.82631
3.92263
7.73967
6.74877
9.10111
7.28898
6.81963
3.89752
11.46206
10.70093
8.85712
11.74870
4.79679
9.22791
7.93645
12.31625
9.95348
6.90241
8.33027
9.47941
7.96747
3.05733
6.59831
10.52988
7.18891
6.78323
8.41840
8.55912
8.48548
10.50243
10.36963
9.59596
8.05396
9.48652
8.41988
10.30957
3.17847
7.25211
8.66053
9.16942
9.39389
6.39388
6.58299
5.25696
8.67500
5.67605
6.76534
7.68068
5.54804
9.68539
11.39145
7.21864
11.55539
9.24908
7.85551
3.51316
4.00347
4.19729
5.35738
3.91268
3.65698
3.00354
4.18202
6.74907
3.96817
3.47977
4.26267
9.32159
6.80532
3.23387
5.12003
7.70385
7.44758
3.61286
7.01995
5.07040
7.81273
5.43186
7.12505
5.54120
6.65529
5.86880
4.69509
6.10419
3.68433
2.97949
4.55155
4.10491
7.96489
4.14783
7.67073
7.63262
5.22246
4.08710
8.58703
5.97289
8.20047
3.19038
5.22523
7.84447
4.82048
6.37099
6.67764
10.57840
5.62143
8.86818
5.20121
9.26131
5.99089
7.57422
6.39908
5.51147
3.22493
10.09533
6.95662
5.18649
5.86429
5.85004
7.51147
8.18461
3.48033
8.23072
6.22130
8.90124
7.28933
7.21401
6.49412
5.67592
4.89948
7.57084
8.10579
7.18789
3.29480
4.37744
5.92150
8.68093
7.16928
4.13262
9.07327
4.00823
3.79843
3.74655
7.67754
6.75865
9.06842
6.54257
9.80986
5.63575
8.28851
10.53131
6.49448
5.96303
5.37287
4.68897
9.34422
8.92721
8.06120
4.39781
8.78447
6.90455
6.44069
7.66691
6.42851
6.98838
4.18781
8.51698
5.33377
6.90647
6.88255
8.22851
6.46078
6.32050
9.15339
3.33619
3.61562
4.98106
7.58634
10.39017
8.15924
10.30403
8.37326
7.34206
8.61301
7.60090
7.31024
5.18251
3.94419
3.31422
3.23662
4.71156
5.57577
8.53712
11.61012
9.43120
9.05413
7.39800
8.20610
6.30014
9.65322
5.85674
3.93742
7.40012
8.29956
6.33206
6.78385
7.83969
6.18912
6.39972
7.06405
4.39882
8.68130
7.35716
4.47308
4.95396
3.69743
3.45326
6.96992
7.38981
5.19726
3.28229
7.07651
8.94089
4.66871
6.32898
3.81986
3.83044
3.83189
4.83524
9.30306
3.33732
9.28070
7.68759
3.80218
7.33945
5.66065
5.63952
9.60710
6.80355
8.10728
5.12851
9.12543
8.58195
8.58195
3.94129
5.36522
3.51738
5.43004
5.55153
4.09491
3.92608
5.41351
4.71186
8.83854
3.18604
4.74404
7.01608
6.88949
7.37036
7.47001
3.76491
4.43002
3.86318
6.62113
4.74500
6.92093
3.76369
9.77228
8.51258
7.81561
3.62867
8.72573
6.60575
5.78122
7.48187
8.72478
9.84525
8.03351
4.87513
7.41744
7.61809
7.53664
4.33213
9.53752
4.32616
8.64971
4.98773
9.42620
10.41937
4.73473
10.94864
7.14668
7.15494
5.46101
5.38104
10.06292
5.70598
5.46740
7.28050
9.26361
6.84389
7.48210
9.58941
7.07232
3.31463
3.80586
3.59812
3.88630
3.37774
3.27179
3.21789
6.62385
3.44045
8.49158
8.91470
8.90580
7.51482
3.47134
6.87749
7.43094
8.04495
4.74212
5.74007
6.67280
3.59348
6.18704
7.73371
7.73371
8.25082
7.72455
5.12858
6.31478
11.03847
10.13189
8.43628
6.68734
7.27075
6.88205
8.41820
5.55040
5.95953
8.18151
4.05507
9.52043
7.19543
7.68113
8.46533
3.55244
4.79448
3.77235
4.01530
5.95968
5.22031
5.52215
6.39364
4.55280
4.05181
4.76791
5.60521
6.01256
5.25395
10.35712
6.84453
7.21720
4.18615
9.53760
11.03389
6.70790
7.11138
3.09916
9.72202
5.54711
4.12637
3.30431
7.50382
6.45664
8.23050
8.46342
8.24278
7.38202
7.92103
3.62476
8.40086
5.25906
5.20478
3.84464
6.71947
7.53421
8.81019
3.91260
3.95118
6.17870
7.14382
7.48297
9.47044
4.21495
7.21958
6.57252
9.43672
3.53139
6.33409
7.63897
4.53394
4.15370
6.18005
7.23233
4.77447
6.57308
9.03439
3.10815
3.89450
6.84008
5.86231
6.28204
4.38216
7.98543
7.28061
8.90676
4.77657
9.96994
5.28887
7.64052
6.23016
8.00054
4.25093
3.09293
3.81646
3.67212
7.73840
6.47724
3.97767
5.18390
7.52551
6.17626
3.60307
6.20790
5.73215
7.13558
9.20610
6.68573
6.52980
10.36217
5.64982
8.74453
7.17072
7.20335
5.07436
3.88863
5.48412
4.57431
4.22108
4.73935
4.77784
7.32397
5.00754
11.75528
4.52828
4.76084
5.52486
7.76757
3.89525
6.67137
10.32439
4.32752
9.32217
8.08948
6.76758
8.63822
5.76229
5.32304
5.26284
4.16571
7.95973
7.13954
3.76975
7.52548
7.07850
6.39832
7.62696
4.57088
7.63567
7.52260
5.93177
6.58647
9.98163
7.89863
6.09462
4.28199
6.29986
4.31462
6.41333
8.99625
8.62173
3.31535
7.08895
9.27696
6.54544
3.45238
5.25239
6.55071
4.56410
6.57382
6.06829
7.93401
7.50419
8.02544
7.95127
8.54249
6.40800
6.68308
7.99987
3.67682
6.66342
5.46289
3.33573
3.72909
8.80672
6.81113
9.24934
6.92899
7.67663
6.37704
8.34527
7.48687
5.33999
3.57043
10.44617
7.66960
11.13832
7.75513
7.96137
4.51776
6.54225
7.58152
7.81826
6.98593
7.89193
8.33201
5.69448
9.50291
6.70939
7.91497
6.34983
10.23708
4.17200
7.20655
7.28283
6.71027
5.14151
6.07495
7.92666
2.99825
6.17890
5.89177
6.56467
8.71118
5.75542
5.30186
7.21082
4.77279
6.29014
4.26795
4.40172
3.81681
3.26832
9.48271
9.26743
3.32709
5.77899
6.27975
7.17778
10.93914
6.72338
9.02520
8.25646
10.87115
5.98414
3.50491
6.85484
5.59066
9.17115
4.04185
7.13458
7.42360
10.74092
9.86389
8.97185
7.30217
6.65835
9.62754
8.64658
7.81787
5.77480
11.07008
7.68709
8.82832
7.89624
8.05017
7.58027
6.96826
5.92240
9.87897
9.90488
4.42534
6.54551
7.52193
8.42807
7.82183
9.14679
8.64484
8.39547
8.95723
5.99038
5.64239
9.24709
6.16657
7.96115
7.03743
7.30729
6.64529
8.94046
8.94046
3.80778
8.30369
7.42446
3.76189
8.90185
4.24265
3.54405
7.51739
7.98096
8.97497
7.34509
6.13126
7.52500
6.97240
4.57327
8.55766
8.71782
8.70062
8.89474
8.16835
7.86654
6.09752
6.96680
10.99589
4.57371
6.87494
9.50447
6.90807
6.99079
5.43188
7.61781
8.76572
7.66254
4.05661
6.36101
4.35663
6.59615
9.03853
4.45511
3.99753
7.17335
5.45121
13.80082
13.40812
6.01080
9.67552
9.84178
6.22788
4.86396
6.14725
5.49169
8.77258
7.79965
8.79781
6.59394
4.12125
3.65673
5.27462
4.77847
8.63861
5.28587
7.33723
6.37042
9.11555
7.83141
9.11168
5.99913
6.09500
5.83462
4.50553
3.89244
9.02030
3.65634
6.28784
7.02323
7.86778
4.65363
3.85782
3.60615
6.05673
4.96891
4.27417
4.63906
8.74155
8.01770
3.22889
6.00027
5.84745
4.79812
9.06346
5.27819
3.54922
4.21646
3.89065
5.30521
3.74057
3.24748
6.10779
4.26720
4.70994
4.40697
3.12212
9.19102
6.98485
8.49653
3.88666
6.60076
6.02698
9.98218
5.08469
5.14439
10.11106
8.29958
7.28833
6.29554
6.62305
7.65886
5.28225
10.37018
8.42766
7.60078
7.94959
11.40188
11.22846
9.96320
3.74264
10.01532
9.35757
9.65821
5.50279
4.34113
9.19095
7.87013
7.89848
6.96288
8.17367
7.91397
3.88416
6.72806
3.78121
3.93865
6.77173
9.06346
7.34786
3.90576
3.73262
9.21522
6.81804
8.98621
8.21746
9.25316
3.36459
9.39834
5.63986
9.41317
4.23995
3.98289
8.19692
6.59349
4.14681
7.73593
8.56873
4.37159
6.74520
6.89530
9.19727
5.13012
4.46481
7.00041
3.22558
8.87298
7.64147
9.20963
6.19548
6.42445
6.09812
5.97816
8.15102
4.36706
7.81656
6.54388
5.23065
8.55113
6.86265
7.66988
5.62423
6.39906
7.64727
9.66643
8.94818
5.23220
9.12399
7.22588
7.20799
8.46761
7.20799
8.83322
9.10127
7.65160
9.19989
6.30740
4.54670
9.02353
5.24856
5.53781
3.10719
3.78896
6.02607
7.35140
7.20321
5.84963
4.51347
3.58064
9.09174
9.20374
6.00685
7.06405
6.18160
4.01444
7.37935
6.14974
4.84741
6.83687
4.18754
6.10187
6.87687
9.96403
3.77680
8.53526
6.16167
8.00581
8.26900
8.63834
6.46158
4.04795
3.82547
7.33081
7.57636
6.43822
4.70824
8.81368
7.84206
9.23941
8.43136
4.07279
3.38758
6.33463
6.49366
3.53885
6.43822
6.09294
6.40484
8.15264
4.38458
5.63350
8.56249
5.65451
4.11123
9.97334
8.83594
8.03066
8.94241
8.21054
6.15495
8.55982
11.09308
8.03662
6.84192
6.56141
8.05189
6.58058
4.27566
7.17133
6.70258
4.22335
5.12336
4.14340
3.35215
3.61413
6.73249
3.29863
3.89326
3.33570
6.82048
3.82812
10.65064
5.72692
6.64869
5.31507
4.12004
5.76766
5.13761
7.31991
6.75258
10.05011
8.69078
5.94355
7.14481
8.87717
5.53052
9.32498
4.01939
3.69636
3.55334
5.90028
3.48021
7.53281
8.78927
5.74614
4.69439
6.35471
6.89153
3.16323
8.37257
7.81662
5.72364
7.69259
8.51554
4.99238
3.67368
10.54696
4.53359
3.27848
9.53785
6.76172
8.40221
9.33211
7.97792
7.62067
7.39185
6.32201
3.61762
4.53442
8.09527
9.15846
4.51887
8.11435
5.16901
8.85068
7.82695
4.90399
9.41698
3.96046
7.83240
5.72860
9.18165
4.79908
7.14739
6.21710
8.25769
5.94133
7.84597
6.36877
6.46340
7.38860
8.73339
6.41257
8.16238
5.34603
4.45181
3.50178
6.22439
5.16261
5.79483
11.66200
13.19284
12.90736
6.71514
8.71956
4.39749
11.63700
3.86212
7.11602
5.30317
10.59231
10.57507
10.18187
5.61332
5.74696
8.64257
5.72567
5.94066
4.57210
6.29013
5.65346
10.05070
8.28498
9.43362
3.89040
3.82339
7.31988
8.04962
6.69345
7.21646
5.69958
5.72099
7.43410
7.04169
3.46913
5.69198
4.53184
8.12758
4.37594
6.78329
8.28042
9.05042
11.14821
9.40249
9.43627
10.84618
10.36460
6.86791
9.32622
6.39376
8.37288
8.61218
4.52686
4.44224
6.39687
10.06945
3.32547
7.73516
10.83281
6.42110
10.47764
5.89909
8.80656
10.33877
9.28923
7.36265
12.62239
3.52380
7.50596
8.21743
9.08541
7.54666
4.89912
13.28088
13.59487
10.64503
9.74281
7.10519
10.16351
5.72562
8.26284
10.50178
6.64741
11.07525
10.01179
8.66343
9.65120
7.28420
7.33091
7.85177
9.33600
8.16057
9.66422
8.40667
9.04601
8.73178
7.29346
10.24547
9.67433
3.87765
7.20447
6.01130
9.62713
7.04782
5.81137
9.20827
9.99588
6.58148
6.44255
5.78079
8.17919
10.14297
5.06734
9.25896
9.35875
7.64014
7.05842
4.22655
8.75693
8.21377
5.41773
5.77855
4.43247
7.84807
8.36467
6.65716
6.54075
6.63065
8.22044
9.39881
6.30665
9.09686
8.13251
4.79539
3.68869
10.13074
4.66232
6.26977
10.95001
9.50670
6.57376
9.21612
7.88661
5.69918
7.98871
6.96162
7.43744
10.67448
4.17319
4.51123
3.76469
4.51123
3.76469
4.51123
4.06253
4.17319
4.17319
3.16156
3.08600
3.91091
3.00946
4.05390
2.92687
6.42092
7.84669
4.18632
4.51674
7.14209
5.59105
3.47075
4.31791
6.79280
7.21199
4.39276
7.37261
7.25340
8.36711
7.44294
3.73048
3.46766
6.66465
8.13942
6.68054
4.10951
8.02055
9.23166
7.71652
8.72466
3.81387
3.86384
3.66906
4.16455
5.34364
6.83152
10.89964
10.47327
9.29709
10.48459
11.08813
12.12026
12.12026
10.57614
4.88906
7.48058
7.97243
7.78182
6.76455
7.04938
7.58943
6.48849
7.85320
4.31305
3.22401
9.67777
10.95971
7.76482
8.58115
3.80469
7.96336
9.96945
6.94405
8.74801
7.59798
5.50916
3.61606
6.31369
7.54155
5.49148
8.42879
4.76750
3.77771
8.72426
7.32863
6.63748
7.18871
6.68163
8.15781
8.84483
5.92454
9.72814
9.07930
3.70001
6.17185
3.38471
7.32863
7.45466
7.91257
7.81759
10.23446
3.02489
7.47144
5.03864
3.77392
8.88954
5.65563
8.06445
3.41302
7.84165
8.59771
9.38729
4.54784
3.41534
3.71757
7.34362
7.76738
9.73087
5.04090
5.52318
4.63453
8.42949
6.83407
4.93760
9.14853
10.61343
7.25702
10.75628
8.74260
7.66557
7.06520
7.95369
8.86781
6.07083
4.01955
8.33023
5.05782
9.97919
9.48344
9.29316
10.04716
9.59031
4.87721
5.20380
7.69371
10.76972
8.66671
6.56209
8.05065
6.26978
5.78469
5.44092
8.29395
5.00384
5.66494
5.62496
5.11087
8.15032
3.12827
3.90885
5.22533
12.57909
3.35023
7.41610
5.73369
4.65926
9.66314
7.73305
4.98960
5.52124
4.31900
4.52998
3.49344
4.48140
7.07447
4.95447
3.56816
3.37669
6.63041
3.56419
10.36307
9.88449
5.57274
7.25952
10.74914
7.60343
8.31085
6.78292
7.79449
8.96825
8.45154
9.24193
8.81380
8.69194
4.08520
8.14887
9.40168
7.48497
8.43608
8.66724
7.01317
8.00061
4.86765
4.09044
8.62546
9.21304
4.34694
6.45626
8.32497
7.10401
6.66019
10.55074
6.21809
8.90027
7.21229
8.85617
6.80761
4.04712
9.52094
7.34625
6.22025
9.36856
7.20356
9.36685
6.28531
5.02695
7.24687
8.14723
8.67592
8.10362
6.91734
5.23775
9.65367
8.94524
4.46827
8.20566
5.02278
7.35939
8.52501
6.58001
7.18583
7.74200
7.41773
7.10389
5.52361
5.95571
6.40375
8.80029
7.14239
8.01876
5.91993
7.60695
7.81225
7.38751
8.04916
5.51669
7.86772
9.94283
7.28285
6.26516
8.26206
7.28310
6.93441
6.69194
7.10219
4.88743
5.33491
6.86356
7.91017
8.39292
7.53615
3.68006
6.08589
6.16662
6.38978
7.19954
3.39391
5.38189
4.32497
4.24347
6.52581
3.91758
3.79961
4.56546
5.94435
5.90090
4.83460
4.20581
4.36161
4.45091
7.18340
9.22253
7.07128
3.81805
6.78347
10.25395
3.55757
7.23406
6.62577
5.39593
5.98284
8.44243
4.62377
7.87854
4.79986
7.87362
9.89271
5.37422
6.26647
3.60902
4.85234
3.63786
9.93285
5.69748
8.14176
3.19833
7.09384
7.49616
9.24357
5.80440
11.22080
5.64464
8.39763
8.19018
9.85457
6.69691
6.08704
4.62196
4.72402
9.17394
3.89187
3.67912
6.91236
6.25739
6.44308
7.30986
9.67472
7.20981
9.69793
6.05393
8.41427
8.38688
6.12393
7.39049
9.09105
4.86455
7.62813
6.93467
7.31120
5.09330
7.85633
7.40047
6.34208
6.85616
7.38993
3.55812
5.88265
8.02324
4.28168
5.97402
9.47381
10.02399
9.87276
11.00952
9.17448
9.65435
11.82937
10.79757
7.75804
9.80523
5.26908
5.33248
3.21880
8.59281
5.09483
8.36003
5.63305
8.39340
8.23977
3.53975
6.90410
7.94034
6.15839
7.61885
5.91952
4.61060
5.02224
3.07166
7.60991
5.95422
7.23366
6.26340
5.51070
6.60958
8.20544
3.72351
4.63694
5.05453
8.27418
6.03858
8.58973
7.61645
7.38038
6.31567
9.32667
7.96828
5.92684
7.09055
6.32755
6.93266
3.85843
5.74368
7.81365
3.87917
9.03187
5.86400
6.82918
6.86000
3.81385
7.16314
7.69303
9.01350
9.33558
5.89710
6.18552
5.26581
7.50590
7.84936
9.44542
8.47958
4.00835
4.00671
6.80025
8.43680
6.02466
7.81875
4.85693
5.28726
6.13113
5.43580
6.68476
3.42256
7.80226
6.37473
7.16439
3.76713
4.05102
7.11204
8.13470
4.88648
8.51177
3.49472
3.86788
5.14427
5.77075
5.55998
6.62777
5.98063
6.86529
4.54369
6.27222
9.99585
7.40553
9.89957
5.49315
6.77555
7.99746
4.97183
6.83116
3.74283
5.70729
6.42209
5.37982
7.26759
7.01757
7.45759
8.03434
7.34041
5.80159
4.77674
5.84504
7.17777
7.80555
3.38294
6.29442
7.57310
6.48517
3.84045
7.08968
9.77314
6.74328
5.16502
4.57206
5.79016
6.12193
6.95218
7.06585
8.09059
7.14285
4.64958
6.20752
6.50874
5.04024
5.39908
10.10475
3.36768
7.55231
9.10174
6.34784
7.03146
4.00655
3.80599
4.77107
3.62321
6.42199
5.47834
6.37658
5.48005
8.09479
6.13549
8.02947
7.86154
6.84184
6.09203
5.24155
7.42869
7.96793
8.44768
7.13008
7.08389
7.96450
5.89654
8.13034
6.38635
8.02448
3.64156
4.44466
6.82801
7.98485
6.74022
4.00799
3.47922
8.37231
5.45013
8.04971
7.55850
7.59044
6.86155
6.47787
6.74058
3.80624
5.68785
6.96312
6.24287
5.75157
3.73765
4.21766
6.13521
5.81265
7.19635
6.87132
4.54814
3.59322
4.36199
7.14847
8.12470
3.08466
7.41434
3.64212
8.05228
7.36602
5.73933
5.79351
6.55577
7.24988
6.64576
7.04604
5.47373
3.40397
5.10170
7.12916
6.30389
6.81621
6.82204
3.33088
6.72799
7.23880
3.13792
5.90420
3.48081
4.46234
6.21081
5.53644
3.83933
4.80717
8.33281
5.93250
5.42375
3.44781
5.30490
3.84495
5.40614
8.05290
6.11304
6.28667
6.49535
8.53265
6.66279
8.30170
3.36768
6.77541
8.22316
3.82375
3.98211
7.42726
9.96968
5.07742
5.53589
6.66251
5.46966
5.93840
3.58485
5.43098
7.71711
3.83835
5.54627
8.10672
3.58485
6.93123
7.87430
4.83253
3.52246
3.36768
5.47624
6.80609
3.39850
7.28658
6.24517
6.80609
4.07951
6.23013
5.03026
6.36151
3.12362
5.57540
7.99144
6.26591
7.89171
8.26905
6.38391
9.24047
5.99847
8.76592
8.09169
5.06598
3.63028
6.87126
3.35520
3.11801
6.79940
8.05461
4.69452
7.72889
5.60270
9.70243
3.40838
7.73990
6.45957
5.53694
8.41607
