4.04694
10.35451
5.08306
5.72636
7.65559
4.32535
7.78633
4.67868
8.61101
3.73041
9.32076
7.79472
4.28079
8.54115
6.75344
4.56652
5.7912
5.51269
4.95352
6.8092
4.64249
6.2362
5.45355
4.23139
3.84101
4.0533
7.56605
8.32825
3.55258
5.78866
3.59981
5.36411
8.2328
7.34071
4.75036
5.11397
3.37689
6.39228
3.2538
9.99091
4.79573
8.73853
9.09489
6.60177
7.6232
5.27515
4.20881
3.56089
8.28048
9.63993
5.26852
7.30999
6.02452
5.0181
7.85864
6.2262
3.0623
7.74264
4.21532
5.38785
5.28999
5.01599
7.50308
6.487
9.40173
8.89659
5.43668
4.57225
6.24453
7.11817
3.29711
9.45335
6.11301
4.8312
9.45114
5.20693
5.81741
3.31157
9.98246
7.63943
9.83901
5.722
7.83914
3.5756
4.67533
4.43255
8.09908
5.06817
4.02174
6.04055
8.34755
7.61033
5.2947
7.36885
3.52616
8.06071
7.36885
6.10792
7.33228
8.95079
5.29608
5.05081
6.6969
9.04225
8.55957
8.31816
8.60374
3.64252
4.37042
3.40224
3.32594
8.00954
8.25756
5.46075
7.04736
5.96064
3.84427
3.85591
3.85591
3.96616
4.33547
4.60098
3.78106
3.1896
12.92852
5.45355
6.49692
7.9635
9.8104
4.89804
4.02251
9.21188
3.82221
4.06438
7.30365
7.6063
7.91404
9.17442
10.96832
7.57183
5.85632
9.22043
4.35556
7.43764
4.7556
6.29725
5.18903
5.94788
7.66735
8.1618
7.81795
7.91159
5.86766
4.25946
4.71056
6.21594
6.93633
4.46457
3.07229
3.74599
3.98779
5.11278
3.26632
9.39257
6.42107
5.95338
4.10435
4.32279
5.57323
4.50457
3.95048
7.49749
8.03
11.71423
5.4075
3.50014
5.83513
7.19695
4.1019
4.21532
3.45062
4.60745
6.30239
7.06907
7.00773
3.81085
4.93857
3.97264
3.59789
7.32723
4.56191
3.67271
3.74312
7.30542
3.74658
3.76788
10.23256
3.32812
9.41008
8.3912
4.50551
8.6917
6.51728
9.4835
8.78211
8.57618
5.55212
7.31803
6.50271
6.17301
8.91587
3.50264
3.6253
3.37755
5.08567
5.89548
5.84944
3.33057
5.74741
5.13933
6.17875
5.13861
9.37482
9.04753
9.23269
7.6046
8.18715
3.76334
5.72706
4.13298
3.88441
9.04359
4.57878
8.42202
6.76606
6.00709
3.52464
3.63606
2.90982
7.08221
5.29955
6.28416
4.92062
5.7448
8.68213
8.72083
7.84892
6.79593
6.35837
6.80743
4.37042
8.04685
7.73376
4.71281
4.86963
9.47188
6.13857
4.94001
6.20441
4.48786
4.94632
8.34349
3.83892
3.16665
3.90087
9.07501
9.89438
7.70704
4.86343
5.77637
4.94492
4.81679
7.85547
9.37265
5.78014
4.07985
4.73936
3.38507
8.50555
8.28803
8.04061
7.05433
8.17698
9.3401
8.52811
8.26757
4.05843
4.37042
3.68937
6.20572
8.21674
8.77032
3.91928
7.36066
6.18073
5.24289
4.6473
5.34682
5.45598
6.57759
4.29776
3.80929
3.81085
3.66776
6.15055
7.23479
6.53255
5.11137
8.08335
9.92094
9.65721
4.56364
6.04835
5.69214
3.45333
3.29182
3.00035
9.77818
7.3968
7.90662
4.20237
8.2254
7.61955
5.55212
8.48611
5.33864
3.43443
7.37246
8.36856
6.52797
3.97447
6.07687
7.21943
4.84157
9.50532
4.90786
7.55083
6.21103
5.64038
6.23134
3.95734
6.03965
7.4535
10.58293
12.28145
4.11577
7.40654
6.68901
5.50851
6.84997
8.18245
9.72786
8.5823
8.09122
6.81868
3.83384
7.74374
6.91383
6.70215
3.63976
3.13099
4.92748
5.97869
9.51305
3.42954
5.35425
5.86201
4.9816
4.92165
5.35731
6.50458
6.12596
5.30204
5.08783
4.20179
4.81679
7.15961
8.98237
6.1493
3.4584
7.46718
4.69535
4.43322
6.81416
8.17169
6.36689
3.55597
6.86393
4.42342
7.65221
4.66823
6.91043
6.21961
6.49692
6.49692
6.49692
9.66406
8.16789
7.98327
3.2057
6.9384
5.43141
8.20697
6.72578
6.05901
4.57096
4.00655
4.88519
5.37057
3.09966
5.97545
3.99415
3.67951
6.74764
4.96162
4.57329
7.67119
7.67119
5.75641
7.96677
7.40301
3.31854
6.94011
6.52207
8.45274
5.28245
4.74165
8.47011
7.49012
3.1641
5.48136
7.37082
8.38525
3.76951
3.53984
4.65468
3.39553
7.92709
3.57361
8.15065
8.07312
12.17559
10.75621
5.87629
4.12344
9.67083
6.75046
3.86362
11.22459
9.16355
5.57764
9.54716
10.8364
9.39637
9.66272
6.51576
4.81208
3.9894
3.51659
5.3085
3.94056
6.86105
6.92061
4.43677
7.34889
8.26859
8.36295
7.55972
7.72719
8.6026
9.75142
8.04243
4.08627
7.67658
8.03768
10.49582
6.02892
3.61678
7.5754
5.6955
8.87189
7.13262
5.7749
5.20369
4.7058
6.11946
7.66735
4.99064
4.15536
5.14853
6.8092
4.40001
4.80847
4.31355
7.5902
11.2793
7.03041
10.35922
6.23134
7.18451
9.16034
8.70185
6.6873
6.20572
7.6217
4.25125
3.58551
5.98808
3.40322
3.85184
4.46617
8.39962
9.81187
6.92479
6.39513
7.85373
9.74585
5.26569
3.46215
6.58711
4.42342
8.92473
3.35619
3.6944
6.96245
7.66416
8.14446
4.6502
9.72557
8.47358
6.32065
7.00409
4.92748
9.19559
8.7558
7.1789
5.43668
6.54835
3.66585
4.30625
5.94111
4.24987
8.11544
3.4857
8.18548
6.87822
6.42681
6.18073
4.37042
8.83362
3.26223
9.19652
8.32484
11.48518
9.84267
9.09718
8.22756
8.45843
8.66873
7.4085
6.24795
7.54089
8.62299
6.07425
3.70873
5.10526
9.39414
6.93393
6.65165
3.68249
7.83682
8.75737
5.55903
6.71188
4.24438
7.02721
5.57614
8.74351
5.47434
4.968
4.72983
6.81302
4.89978
6.79267
3.40986
7.86421
6.21036
10.56699
4.83493
6.08337
7.6869
8.14225
5.04077
5.49395
5.73746
6.9174
6.28124
7.41266
9.42869
8.00533
4.82367
7.6254
7.74264
8.33539
6.56088
6.47712
5.66779
6.22872
5.59811
7.66735
7.23275
6.98545
7.09359
6.39582
8.91369
3.82323
4.33996
8.79662
7.92028
4.83762
7.87403
3.48004
9.46289
10.48134
7.60573
11.12581
9.74368
7.1688
7.18451
6.17128
4.59649
8.4242
8.70185
5.96792
6.86222
4.91951
7.05002
10.45171
10.71386
11.19557
10.99826
7.54179
10.26837
10.32342
8.21739
4.99813
5.90801
6.6952
6.69901
4.79823
5.90534
4.27809
5.09469
3.94241
4.71799
3.67144
5.40928
7.04286
7.67893
6.96386
7.62063
6.95662
3.56571
5.04077
9.42869
3.3609
7.2826
5.30963
7.07967
5.19544
7.24399
7.27685
7.40935
4.6773
3.48928
4.57587
8.00653
7.21102
4.40544
4.6724
4.93312
8.57291
3.92372
3.97751
3.70956
7.85012
3.77662
7.37526
7.61871
9.37864
8.59313
3.6746
5.77011
5.93546
8.76334
6.47429
6.11008
10.94973
6.70894
5.12215
7.05081
7.2208
8.01171
5.93546
7.97941
7.97941
5.46319
7.80746
8.08518
7.49451
10.94274
6.78353
7.27347
6.11838
4.01198
8.49427
6.89623
4.03912
8.77842
7.12386
7.58877
6.78199
4.045
7.86047
4.57096
9.86554
6.99249
7.22532
6.487
7.75569
9.79545
5.81599
7.06192
4.95104
4.24928
10.59797
7.38552
4.40958
8.53598
6.39353
5.83112
9.64195
3.83012
3.76334
9.4601
4.37042
10.41766
3.9294
7.21102
5.66592
6.71797
4.15096
4.43474
6.16161
7.64053
6.58796
4.23665
3.27939
11.98891
10.91952
10.83049
8.82266
13.03155
12.02113
9.70141
11.35087
11.23245
11.17714
11.13681
11.5332
12.0817
10.9059
8.38915
5.92984
8.64862
9.34377
7.68358
7.00773
4.97507
3.79138
10.76744
9.79825
9.7389
8.79189
8.13033
9.66801
5.38433
8.1618
7.38848
7.3948
9.20494
10.62972
10.63247
4.21278
9.06489
5.13649
3.89406
6.9308
6.70626
4.51528
9.8222
8.6287
8.97099
6.69375
3.27939
6.79355
6.29365
10.4324
6.95662
4.40605
4.6944
3.17181
5.23031
4.6842
8.11902
8.19701
9.79545
7.76084
10.92925
7.47919
4.76631
7.86227
4.34718
4.78345
6.98488
3.89693
6.38609
4.7878
7.3819
7.72275
5.7851
6.1444
9.36828
13.56599
6.1486
3.59865
3.01215
3.6406
3.77503
5.34305
6.05407
6.52489
6.09701
6.56401
6.37739
5.0296
5.41108
5.61066
6.82963
9.69794
7.04539
9.46289
3.30393
6.95258
6.20699
6.1095
3.5306
5.87934
9.15328
5.15562
8.33539
4.12909
3.91016
8.70861
8.379
6.29925
7.87612
4.79473
8.43352
9.30071
3.18578
6.36061
6.99455
4.75271
4.75434
5.37931
6.73372
7.41512
8.30523
7.99008
4.91022
8.24468
7.64419
7.18281
4.27989
5.59811
9.0287
7.74984
6.28733
7.79356
8.19924
6.84075
5.77879
6.87941
6.51008
7.98479
6.54024
6.40615
4.79823
4.76365
4.46839
6.32276
6.51576
5.1286
6.62802
10.0051
6.54204
4.42924
9.59471
5.49017
5.14951
4.77802
6.01321
6.93458
3.59679
7.58279
6.16424
7.76424
9.04572
8.03183
4.58368
4.87806
10.32975
5.42575
4.43474
5.52284
7.25952
7.22965
11.17134
8.1275
5.4406
5.74576
8.22369
8.80012
6.31272
7.50193
3.6191
6.37361
7.25223
6.37948
8.61916
8.11421
8.36054
4.34996
5.50592
3.67271
8.36715
4.7841
4.83256
5.25433
9.32647
5.96882
8.2635
8.31647
4.08137
4.08627
6.83985
6.69171
6.16654
8.21801
7.46368
5.49225
4.96542
4.01343
7.19931
8.03336
7.08923
7.45483
7.03347
6.77606
9.55702
8.39483
7.53974
5.36079
8.76018
4.33996
6.8631
7.30999
8.98011
8.25622
7.44006
8.06291
5.86766
10.19842
5.49534
4.05462
3.88627
5.00679
5.57691
3.8686
5.07085
4.0769
4.07985
6.25335
4.28281
3.29446
8.30688
3.23829
4.82087
8.49324
3.38507
3.47355
4.38785
6.08401
8.05212
10.67232
8.98452
7.69546
8.22269
9.6605
6.98349
8.12935
6.6415
3.48447
7.30013
3.50456
6.92479
6.37554
4.78515
4.05596
7.83585
7.7211
8.73608
8.25269
5.98521
8.68967
3.34508
8.36454
3.19405
7.94692
5.61683
7.90727
3.96293
3.37059
6.57052
7.99486
7.47348
3.63269
4.05199
4.72135
8.57291
8.8617
7.38911
3.55202
7.32643
5.60199
10.35212
8.13529
9.01968
5.23636
9.15038
4.10899
5.97674
11.88859
10.22674
8.66567
7.416
3.38774
6.27487
3.72589
6.92312
5.09095
8.41746
8.75208
7.12466
4.18145
4.60487
4.82435
8.72589
9.18072
5.21202
8.20697
5.54919
9.55206
10.64311
8.93057
3.64607
6.88201
6.07492
2.99062
6.59313
4.07537
7.69834
10.5233
7.45985
7.33959
9.06731
6.78888
11.03243
11.15053
5.28245
9.19931
7.73906
6.14194
3.57023
9.34642
5.92236
6.75947
8.77971
8.54973
7.021
8.49532
4.16996
8.11779
10.19477
7.6254
8.10626
4.76937
9.3321
10.84896
10.9783
6.30454
9.88229
7.84774
11.08694
7.63245
4.1361
5.87385
6.40493
6.17434
8.19444
3.68796
6.2186
5.81184
7.73559
10.73891
8.48301
9.76826
10.10661
4.69535
3.96025
3.87133
5.78866
4.0983
3.34356
4.00106
7.18451
3.77274
5.20477
6.69812
9.02152
4.51865
4.12718
4.39035
8.16983
3.01774
6.83726
7.06136
7.83203
7.60744
6.41055
5.115
5.90005
5.41584
5.49225
7.66055
3.09194
4.31063
4.54735
4.47052
4.33996
5.863
3.91016
6.82369
8.99168
5.31728
6.88942
3.97989
5.05147
4.045
6.29117
4.96397
3.47355
3.3754
3.78681
4.45225
4.27693
5.13495
5.31919
4.39157
4.94355
4.74964
4.07312
6.70626
3.58097
4.86209
3.54218
3.53239
9.47601
9.30542
7.80441
7.89989
4.91159
3.60424
6.97831
5.17881
7.33739
3.93129
3.27289
6.10066
8.45026
3.96541
4.32836
5.66494
8.71017
8.95991
8.95991
6.33714
8.89076
8.68056
8.33788
5.21414
5.8331
5.10029
4.52052
5.27272
7.79555
3.6587
5.90866
4.9132
9.31755
8.8215
5.41645
5.30695
5.11397
8.43254
6.29018
7.42188
9.6457
10.7108
6.23134
9.03391
6.84362
2.9492
6.07261
5.51942
6.07553
6.69082
9.24253
10.3714
11.13312
9.97905
8.41927
5.7346
4.20345
5.00679
7.01334
3.58097
9.12767
8.13148
7.67011
10.58062
8.9124
5.32346
3.3652
8.21401
3.23705
8.54226
6.06779
8.40132
5.31241
5.79413
8.71568
4.1639
5.74026
7.88662
8.24468
7.11537
7.39044
6.60751
3.41958
4.29189
3.5775
3.40529
7.53089
7.74644
7.26714
5.7389
4.43952
3.59789
8.18424
5.29255
5.44435
5.50955
4.16996
6.59192
3.93129
7.96504
6.56401
5.90534
6.74443
7.14482
5.04499
8.89284
8.89284
9.31913
4.63281
9.81853
4.03912
7.38411
7.92864
5.92082
5.32794
8.12336
5.63891
3.29307
5.73189
9.03863
7.77739
5.49957
7.43764
7.42412
3.83892
5.23805
3.41493
6.05532
6.25846
5.85242
4.76269
4.8467
8.21401
7.75968
8.88861
5.1918
9.92319
5.40096
5.5304
6.8384
3.63872
4.42647
6.0381
3.50933
5.65596
5.20477
8.16536
4.69999
4.47203
5.69038
5.70429
8.36926
8.45843
8.30917
7.02577
6.70773
4.00106
4.01033
3.79915
3.93129
4.55191
4.21532
6.24988
3.71607
3.88762
4.87301
8.16631
7.13401
10.18909
7.94895
4.92959
5.21618
4.23052
4.09098
4.12909
3.70495
8.91016
8.91016
8.91016
10.16321
10.16596
8.70493
10.60553
4.80681
8.89446
9.78546
9.84423
9.36168
9.74086
7.37837
6.4183
8.65439
8.85491
4.79271
5.06817
9.70141
7.18112
8.08335
11.37986
6.82369
4.1361
8.75132
7.90975
4.29573
6.58176
5.65243
7.0009
4.68806
3.90405
3.62232
3.98226
7.46097
3.91689
6.5212
4.22265
3.50933
6.06446
5.3365
7.69263
10.81134
11.64002
11.15053
10.14904
10.62682
5.94556
10.36817
3.53635
8.02681
3.96723
8.92727
8.196
7.29638
9.23766
5.11894
6.11645
6.46727
7.0575
4.04694
4.38437
4.74562
8.64971
6.98946
4.81406
4.89052
3.86362
11.50634
4.48057
6.92228
8.31515
3.73602
8.16631
8.56251
5.74815
5.65663
8.10626
7.88662
6.05598
5.33048
4.95687
4.27924
8.81375
9.45631
5.19012
7.77956
6.39228
3.39553
7.50365
5.65049
7.54603
7.42543
7.83114
9.0544
5.35
9.94879
8.11779
6.40189
10.05114
5.44549
11.56703
7.30765
6.48362
4.10435
5.94369
6.68287
11.93291
6.67703
6.81188
5.2095
11.46981
8.49241
7.66735
4.55939
7.3511
8.48119
4.80258
11.54383
6.66879
4.41144
7.2208
10.29453
4.04296
10.23052
3.46812
5.9673
9.1459
9.56991
8.3912
5.35946
8.75051
5.15056
7.69688
8.80336
8.53811
4.4597
6.83667
6.67027
5.98195
7.2066
5.55102
6.15779
8.14859
10.40119
6.89062
6.66571
6.51203
7.92461
8.12496
8.97273
8.10909
8.15445
7.02435
10.55838
3.46536
7.74869
2.96304
4.90181
4.85162
3.31157
4.2074
5.28999
4.62152
9.86323
3.87525
5.10856
4.05679
3.8456
3.47056
3.23908
4.61289
5.01024
9.95471
9.27471
6.43848
7.56748
7.56748
7.16415
5.30309
4.00106
7.29463
8.95607
6.86683
5.72032
5.78412
6.76734
12.24187
8.3013
5.88165
10.25344
8.5704
4.11747
3.94715
7.98177
6.88942
8.83617
5.03417
8.73282
7.56282
7.13798
3.70654
3.936
4.16996
5.02657
3.66242
8.13529
9.79825
7.37699
8.19034
6.76478
4.27605
6.58176
3.7341
8.52225
8.61101
3.9694
3.09593
8.19294
3.40529
7.6046
3.93849
5.87934
6.79927
4.57587
4.03912
6.9593
5.89614
3.94241
4.84812
4.7264
3.30242
7.90975
12.48089
3.67029
5.43668
8.87024
9.20259
8.96578
8.74044
3.89585
3.89198
7.74185
7.33228
5.52597
4.55812
6.85177
5.46319
6.2005
9.16952
5.94209
6.69375
6.94614
5.34405
5.45355
3.95258
8.20509
4.38311
5.85106
5.59461
5.35425
9.46289
5.67132
3.49048
4.16996
5.86938
7.91404
9.32332
7.13798
4.53489
4.45225
7.13482
3.64607
8.56251
7.35504
5.79021
6.71126
6.46279
7.00494
7.51707
3.85938
8.78497
4.57096
7.71356
11.2701
5.83658
7.15076
5.44435
4.40131
9.94724
9.1366
3.60937
5.75641
6.73372
5.41894
7.7124
7.7124
3.28825
3.28665
4.90543
12.66034
6.86949
4.2074
3.40421
4.18145
5.68599
6.5761
5.68599
5.68599
7.57796
5.1286
6.72042
5.25253
6.4277
4.10435
6.97038
6.49391
3.76105
12.1323
9.62264
8.72932
8.48611
10.25344
3.76105
6.77143
8.00592
3.22373
7.38795
6.20898
7.29292
7.03956
9.08696
8.53256
3.73041
3.72404
9.64698
11.05847
4.30788
8.68901
4.43952
7.22965
7.94541
3.21248
4.88519
8.40545
8.94994
9.17251
8.24729
8.28214
7.98792
10.25842
6.65014
6.7465
7.72719
4.25791
8.77193
8.71881
3.95048
7.11397
8.0434
9.93027
3.97663
3.79402
4.33547
4.07143
4.11242
3.38128
5.38149
4.32535
4.09651
3.81439
5.65243
5.06817
7.53613
3.44095
4.22103
4.9132
5.06274
5.44799
6.98724
7.72471
8.26024
8.69431
5.47932
4.05925
5.25045
4.64449
4.88212
8.25045
7.2083
8.45412
9.33585
9.05663
5.45598
6.83199
4.81679
6.75168
6.59884
4.81815
5.71825
6.61958
6.32276
8.20509
9.89135
7.12697
6.35837
4.22103
7.2186
6.49514
8.60553
10.85814
8.88583
5.27822
9.98739
3.51756
9.40173
9.40173
4.66023
11.53838
11.67702
7.90789
6.56245
4.1639
3.36443
3.1896
7.12697
5.35946
6.59064
3.72404
6.31999
7.11741
4.6308
4.25946
3.78232
5.1286
4.30625
7.49596
4.40131
4.48279
3.90087
10.44139
8.80694
6.26324
6.15439
9.12767
3.44095
4.88212
7.97298
5.08234
4.61031
4.045
4.81113
5.81121
5.722
3.9211
6.22357
3.97863
10.54599
7.01988
4.49476
8.2828
4.25333
10.24942
4.96089
5.66779
5.25045
7.5071
9.76826
7.42001
7.53283
7.41398
7.7828
7.37135
6.16227
10.11632
3.97045
8.40728
7.12248
8.80012
4.22806
7.24654
7.59438
4.2696
8.34859
4.17717
6.66879
9.21408
7.85635
3.12876
5.58191
9.6106
5.50321
4.30287
3.59981
7.71557
4.83493
10.06337
10.14629
11.36016
9.94185
4.60325
3.37269
4.13405
4.08961
9.69138
6.79535
3.13099
4.6308
7.13798
9.11676
4.64383
5.99198
6.27679
6.82758
6.78411
7.09818
3.62057
4.96938
7.59986
9.85859
7.58197
9.4601
9.57429
8.10176
5.46458
3.91289
4.45225
6.97631
3.45558
6.02576
4.19255
4.29458
4.91598
3.11966
3.54627
6.46056
4.39759
5.71191
7.88786
6.95078
5.20809
5.03417
7.79211
7.54497
8.50799
7.04179
8.50799
7.89493
6.4183
7.49937
6.32816
5.21311
4.11103
7.19931
7.36182
4.14654
5.926
7.31198
10.59533
4.6502
3.60311
10.47872
7.11537
6.57324
3.37615
6.80097
3.3242
6.01834
3.54388
6.39713
6.80542
4.8044
5.58627
6.36689
9.52072
5.62558
2.9492
5.70429
4.32279
5.67335
7.61698
7.81343
4.1535
4.91779
10.00279
7.35191
9.08788
8.5138
3.94442
7.40543
6.91233
10.11818
10.20222
4.65627
9.32503
5.42862
8.78497
9.60368
10.42241
8.46461
8.29352
7.69085
6.91562
9.01322
6.63785
7.72719
8.98661
7.49176
6.97631
6.34362
6.59619
9.41227
9.2566
8.81828
9.54716
6.23784
3.59335
5.3365
4.75434
10.13833
7.56605
6.61325
5.95937
6.86683
9.65333
9.36565
11.75999
10.61893
12.31197
11.07039
12.91594
6.21208
12.14987
10.30185
12.23239
11.35543
11.41021
5.95778
5.21093
2.96753
6.46852
4.75981
3.30672
3.6736
5.07459
4.68975
3.11109
8.74158
10.62301
5.75829
6.10161
7.6869
4.88519
3.06764
6.84605
8.77032
8.99848
5.55903
7.67778
4.54735
6.9817
7.10467
6.73681
3.81166
4.0764
10.37686
9.33585
7.05433
7.17676
4.06817
7.12697
6.68636
3.38128
6.68814
8.85732
4.33996
8.59779
3.67709
4.50195
6.04612
10.92293
6.40189
9.77384
6.72988
3.55107
3.27939
4.1571
3.73602
5.32091
9.7389
6.45535
8.4555
3.20891
8.1892
7.87339
5.09226
4.06931
8.47839
5.71298
7.05002
3.77662
7.16538
7.33002
8.53031
4.1892
8.65694
6.33319
4.07064
6.6308
3.69842
5.23528
5.46075
5.65243
5.05873
5.27272
5.64441
9.01968
6.68061
9.9091
6.37615
7.83914
5.18802
11.1876
9.3491
5.52354
6.36875
4.37042
5.26489
10.17155
5.86766
5.81431
6.03442
7.31968
3.8206
3.67571
3.79588
8.31219
3.27103
3.60129
3.42531
8.01375
6.99145
7.45592
4.19079
8.64746
7.09058
8.38011
7.99282
10.33688
5.72991
4.52052
5.84062
7.12697
9.10344
8.15715
3.3497
9.19221
4.30287
4.62251
8.19444
10.75928
11.80837
7.27593
8.21137
6.886
8.77354
3.72033
3.9557
9.49879
8.72237
7.89848
6.22125
8.53598
8.55443
6.82227
6.89062
7.05167
6.23919
5.07459
7.442
5.22091
5.14354
8.35363
3.2567
3.46879
7.77531
10.96328
7.58758
7.89225
7.14847
2.97034
5.57914
9.14453
8.03336
8.61251
4.0601
4.26506
4.62858
9.43228
10.29868
10.06151
8.90179
5.81022
8.12112
4.84957
10.75039
9.00829
9.85189
10.28855
8.02521
6.02452
6.33776
6.39015
4.29373
5.72888
9.52072
8.86937
8.59165
6.44722
8.48944
5.97416
6.96164
6.77893
6.85382
10.85493
7.3664
7.65388
3.41783
4.12032
6.59408
6.68061
6.63405
6.29207
6.45535
7.02239
12.51689
10.14629
8.06635
11.52244
7.48894
8.04815
5.91197
4.72374
3.19229
3.7136
11.21616
4.92576
5.57844
5.84062
9.16952
5.01877
4.42647
9.27069
5.51373
8.28611
7.72471
8.35265
7.63517
8.6593
9.29617
9.87378
7.49937
10.71644
6.40493
7.03518
10.33992
11.76629
9.61825
5.26343
6.14104
3.20891
5.50024
4.18864
3.21741
6.19367
4.30943
3.40094
4.08283
4.73293
8.71287
5.42385
3.31601
4.96259
4.54735
8.33293
6.10395
5.4147
5.14745
4.13298
3.80307
3.50014
3.38865
3.33168
3.68495
5.6208
4.19955
3.23459
5.3131
5.26957
3.35619
5.45598
4.52765
3.58498
3.34221
3.68796
5.05873
3.69988
3.04874
3.32349
3.54861
3.32005
3.41958
6.84221
3.0389
6.43562
7.05433
3.18298
4.55812
7.2826
8.22885
4.76631
7.01988
8.53363
6.84455
5.69349
3.79027
6.92652
4.01589
4.27347
11.11409
5.79591
4.85861
4.39881
7.61383
3.68392
8.36295
10.9734
3.47056
5.72777
6.41331
7.56398
9.13202
7.79692
8.05891
3.30534
3.30534
9.05155
9.15181
3.15142
9.73084
4.25473
4.68608
11.70129
7.48357
6.33094
8.52629
4.51224
7.18199
5.45106
7.71669
6.40932
4.37755
4.68292
5.54534
5.20198
4.55812
9.26627
7.04401
7.03263
3.72157
3.94856
3.36011
5.99824
8.71287
3.31157
4.6522
6.09701
6.97231
7.61698
9.07011
6.82227
8.2391
8.49427
3.72261
8.5611
5.70429
4.40694
9.16797
5.80845
7.77739
9.34799
9.78752
8.33056
6.74181
3.34684
9.09718
6.79445
9.45502
7.3869
8.97834
7.08923
4.17452
5.97545
8.21535
10.34902
5.29324
4.13742
10.77649
8.87354
6.03084
8.88583
9.26627
9.52849
7.95893
7.53735
6.55678
9.1101
7.80882
7.97146
10.46222
7.93087
7.54031
3.51854
8.68324
6.04487
7.20375
9.66938
6.23718
7.34592
3.43269
3.67795
8.58045
8.34018
3.2302
9.1366
10.47147
8.73724
11.68588
8.77518
4.42008
6.18289
6.80391
8.15715
8.15983
4.22696
8.86855
7.75478
9.70343
8.26631
6.41671
8.09857
8.2489
4.24251
3.83493
4.95926
7.37462
4.97982
10.17724
10.50759
8.51517
8.77354
5.97126
4.90452
8.97442
8.98103
9.96284
5.09918
5.87934
7.30765
9.13102
9.95772
9.39091
4.72542
7.83009
6.53628
7.28038
8.50971
7.8461
6.79267
5.14142
7.25061
6.08911
6.59884
8.3205
4.31648
6.76848
3.50014
3.03733
6.89623
3.70068
3.27289
7.01068
3.55891
4.28793
8.75281
9.39257
9.03653
7.49231
7.3337
7.47049
5.00147
7.60345
7.66176
4.88519
3.25122
8.48119
7.01542
3.68796
7.64881
8.56811
8.96163
7.81343
8.14225
7.64226
8.44201
4.51376
6.57884
7.20209
7.55856
7.15393
6.96922
7.10829
5.92847
9.331
6.60565
5.52809
3.40322
5.46664
8.35133
8.17637
5.03616
5.89877
8.37438
6.6549
3.17465
3.74787
5.25538
4.01451
9.58408
4.1019
3.58265
4.55321
3.98437
4.67105
7.99707
4.24132
9.99943
6.44159
5.94622
5.4693
3.16257
6.93514
5.33048
5.07459
3.95915
4.11003
6.43913
7.88386
3.99605
6.35837
5.02148
8.34658
4.10605
3.76334
4.31355
3.44916
6.07881
3.18117
5.36283
2.95714
4.46905
3.28426
8.54004
7.23132
6.05339
4.21081
7.14482
4.4576
4.15459
4.74866
3.83603
4.43677
4.43778
3.75224
11.5894
9.2778
8.66949
6.50552
9.2788
6.54091
7.36885
5.85632
5.5304
8.75359
8.01375
8.44018
7.02577
8.48834
5.54919
6.96545
6.73946
5.91197
10.12758
4.63905
7.29201
3.74044
7.08086
6.35656
3.17918
9.00916
7.9332
7.72191
6.53042
4.00106
4.44414
4.32069
7.33002
7.01334
5.79227
8.86576
4.3318
3.84988
4.97368
8.87793
6.0381
6.85865
4.15265
7.8716
4.19787
9.25771
5.23378
4.62732
6.25106
6.60874
7.95415
3.98437
6.85382
3.80307
5.04706
5.34204
4.84957
6.57052
7.47164
5.21202
5.07746
6.59884
6.99634
7.04286
8.00742
5.22923
3.69244
7.97756
5.48873
3.86362
5.36762
8.37202
4.60098
6.25846
7.45785
4.96259
10.6164
7.51445
9.49157
7.41398
5.19956
7.70556
3.21972
5.66088
6.1882
10.32537
7.49093
3.48353
8.75662
7.02435
4.79644
7.24116
7.71905
7.10467
3.33534
4.77374
3.54218
4.22469
3.84304
9.64323
7.18451
8.40655
6.5185
3.08741
5.81968
3.34508
5.49743
9.07227
5.49534
8.38354
3.33534
10.0051
4.73085
7.47164
10.21738
4.35965
11.07039
4.94355
7.99942
4.71214
3.359
7.25473
5.965
4.34481
7.09554
6.64411
4.72875
3.57361
9.66593
6.63405
5.05659
4.64249
7.89761
8.41623
9.23863
4.47052
8.14225
7.59269
3.41958
8.90345
4.87977
6.62469
6.45535
7.14041
7.28559
4.16996
6.55079
5.26343
9.66593
8.84752
8.16446
7.82923
7.9332
4.89978
8.54004
4.12344
9.42285
8.05719
3.82473
4.54735
7.30132
11.81606
10.92588
11.70753
9.28447
5.16315
4.42647
6.54329
7.19549
8.37547
8.09981
5.55702
5.13495
6.86222
4.20289
7.99401
7.84892
9.50234
7.52322
7.12988
7.05284
8.69815
8.93826
8.55443
3.79402
5.94493
6.50729
8.9341
7.75682
8.07791
6.22492
4.98427
8.68324
8.37759
9.49411
9.61472
8.01962
7.88662
6.04281
7.40145
8.71692
3.95652
4.49039
5.80203
4.69637
7.65221
7.62793
8.27547
7.46368
10.26052
4.18145
6.07881
5.98195
3.55597
5.09638
4.34235
3.97576
3.55802
13.52679
4.93929
12.00529
8.59489
4.57329
12.83794
12.01315
6.12899
4.42647
4.46457
6.55867
5.74982
7.63378
8.12112
9.78324
4.36359
7.17278
8.80336
5.10029
4.90452
5.27515
6.10884
6.33254
7.34771
4.14331
8.02521
6.49106
5.91652
4.71465
8.2635
7.4365
5.3365
5.06388
8.86736
6.97038
4.77241
4.17974
8.20116
6.28509
5.8331
6.69082
8.64142
3.41493
3.79027
4.12718
5.98808
9.54309
7.76312
9.29107
9.65849
3.40986
10.23942
9.248
9.11107
8.02311
9.52971
8.01466
8.18816
8.42981
7.96677
8.65286
11.1558
9.5724
7.98885
9.58722
11.32663
11.32663
9.92703
12.49411
3.00035
10.28437
12.18465
10.27635
9.61179
10.29674
11.85823
9.38771
10.39652
11.30541
9.73359
8.44201
8.23184
7.91946
10.27635
8.05373
7.95211
7.28038
8.9533
3.3483
7.42655
10.18724
8.42202
8.99681
4.34383
6.84605
9.6957
7.79555
3.6746
6.8808
3.23585
5.33231
4.40447
7.30365
6.27261
9.84124
8.24468
11.15977
5.93049
7.98792
4.97851
5.7749
5.82333
6.78467
6.11645
6.67848
7.30999
5.08783
9.08349
3.13975
6.32816
6.67522
7.57796
7.23479
3.9694
5.12066
8.34565
10.05468
6.36496
5.41327
3.75915
5.98195
5.88488
5.40432
5.64712
6.32437
8.28958
7.51337
5.71626
4.00106
3.48294
7.79356
3.07421
10.01761
7.175
6.16105
7.59133
7.45483
9.35445
5.6955
5.72468
10.40975
7.62908
5.03417
6.0455
3.7115
5.16882
6.15304
9.09973
6.53504
5.17239
4.55129
5.23805
4.24251
8.29264
4.87164
10.72493
6.25562
6.84997
4.05755
3.99712
6.5203
8.41024
6.0381
4.51528
4.93054
4.12086
11.48031
5.06817
5.36683
3.55948
5.14204
3.8023
3.20891
4.69705
5.59565
8.15315
6.65632
5.9404
5.57323
5.4406
4.95104
9.16166
6.25106
6.19002
4.98674
4.98807
5.27136
6.19624
8.48509
8.89659
5.66956
7.85168
5.77179
10.46444
4.42008
4.62014
7.14936
5.74222
4.58916
8.09592
8.85656
3.86756
3.22373
6.23134
3.91016
8.61916
5.81741
7.94268
3.93849
7.31686
5.72888
6.66698
4.02174
3.05935
6.99724
4.26121
9.6741
10.0986
11.55055
7.45785
6.48848
4.00655
4.05199
8.3912
5.26714
7.45592
4.62014
6.53382
5.35425
9.55447
6.89329
9.71789
7.88117
3.50933
7.88997
6.22685
4.56904
3.87684
7.30765
4.37595
3.69327
7.74374
9.31913
9.63731
6.75622
5.69799
8.18332
6.33094
5.79227
4.97748
6.64832
3.9865
3.53804
4.06817
5.91815
5.18476
6.65725
7.56918
8.03768
8.67072
5.25357
8.67667
5.4721
5.39313
7.00036
6.67703
8.43184
8.86372
5.71825
7.99282
3.93267
3.6508
5.91329
4.78615
3.69842
9.12576
5.88621
8.30819
8.50555
7.81554
8.50971
7.60232
4.09572
4.031
7.85864
4.37755
7.039
5.27968
4.01343
8.15315
4.12556
5.99198
8.51451
6.7282
4.48279
4.52366
6.31272
4.00106
6.13622
3.18827
4.37042
6.24328
4.21962
3.15798
4.10826
5.90534
4.48525
5.08567
7.51876
9.32849
3.67144
4.34627
5.4217
3.3497
3.63269
4.93312
11.79401
4.40841
7.7211
8.12271
8.12841
6.7574
9.36399
9.22669
7.70556
9.22043
3.72157
5.88847
7.45679
6.08731
8.0434
6.76931
6.66205
7.52841
5.8331
3.94715
7.62793
7.35026
7.79124
3.28935
9.7364
7.33598
6.89623
3.00655
4.77117
4.12145
4.75271
3.79751
5.98617
8.40862
3.60424
9.54716
7.88849
7.60287
8.39826
5.83049
6.22872
4.77478
5.6006
9.52732
7.26066
7.87905
3.56224
7.42412
9.68607
9.73359
8.6593
9.46966
9.67214
8.99681
8.5033
7.02156
9.37482
6.81129
8.19165
7.35328
10.80055
7.93973
8.89905
4.69999
7.12697
4.3861
6.81868
8.52013
5.58969
10.45739
8.97918
6.81246
6.54986
6.89447
6.98349
8.28611
8.08745
7.11114
8.88339
5.76709
9.18262
4.6068
6.24676
7.73676
7.91762
4.49287
4.56066
8.32825
9.18867
7.5754
8.04751
8.40408
4.40958
4.16996
12.38241
6.96545
10.34902
5.75142
6.6308
8.72237
7.85373
3.18298
6.73831
4.18396
6.5541
7.61033
6.86683
5.22474
6.07261
6.3783
7.23721
6.82022
4.08407
3.99284
7.29807
6.22026
5.52426
7.76424
7.32268
4.0491
3.83012
8.62607
7.42715
6.10559
8.0491
7.75193
3.19678
4.06679
7.01988
7.71905
7.97468
9.33585
8.56629
4.11434
6.83199
7.84462
5.1621
6.51387
3.6355
6.76931
10.19095
3.93129
5.40346
8.01783
7.81468
8.09122
6.77457
6.90875
6.6594
8.09762
6.36689
7.64226
5.71017
4.96542
9.49998
10.22674
9.03463
5.4406
7.68215
5.76709
7.175
7.228
5.93546
5.53902
6.32276
4.55571
3.46409
6.82499
3.06634
4.07828
4.20074
3.18117
7.98177
3.93849
5.56875
4.12471
3.6508
5.66316
4.4454
4.24521
3.78896
3.23459
4.14479
4.29776
5.60694
4.08961
5.09095
4.19079
6.31001
3.54218
4.00655
3.88627
5.58475
5.82201
6.07161
4.68292
3.11271
4.81113
3.34684
6.18756
4.93312
6.61473
9.12382
5.32091
4.52699
8.94256
6.56401
3.47839
6.82611
8.9533
7.08453
6.9308
4.60098
5.87209
7.98479
9.44819
8.23624
8.02101
10.07249
6.64619
7.94811
4.50937
9.88606
9.64442
9.55031
5.04499
4.85861
4.78211
6.47953
6.37681
9.51878
5.98808
3.12643
5.35804
7.76928
4.71567
3.71445
4.83657
3.71091
7.94085
8.65286
5.60871
6.91622
4.43952
4.17861
3.24992
4.30167
4.60838
4.98807
4.07203
5.662
6.12431
5.81431
3.30393
5.8749
3.55454
6.30368
9.28298
8.84678
4.49131
8.25166
7.59986
8.71692
8.03582
4.188
9.35656
4.86582
4.97436
7.32554
5.75307
4.6502
4.97748
5.08954
3.95258
3.77767
3.81439
8.06071
4.04694
6.09701
3.59679
3.34281
4.49977
3.79751
3.97264
3.90801
4.84329
4.32535
5.72468
5.23805
3.88336
8.53104
4.00515
3.5887
9.35335
4.85288
6.09401
6.14764
6.18624
5.31033
4.82947
5.06388
7.09554
6.43788
7.71669
4.44232
6.15538
5.03942
8.26178
8.57291
3.27939
5.36582
5.71431
6.15538
3.94056
4.47052
5.71431
3.82857
7.36324
5.12649
6.02131
3.95258
6.71521
3.71525
3.6508
3.98071
8.06452
5.7631
5.61432
10.51858
12.99459
8.36587
7.24654
7.57183
8.03489
7.05976
7.89398
9.03309
6.52797
7.67377
5.11894
5.98195
3.83384
6.57759
6.06258
4.55257
5.21733
7.56918
3.29901
6.50877
8.27245
8.73929
7.44541
5.18172
5.23378
10.80677
7.28697
4.7079
5.93242
5.74281
5.96972
5.10316
7.08923
5.90243
5.57084
5.2947
4.76937
8.43903
8.36054
4.34627
5.96882
5.35178
7.00604
7.96232
7.9035
3.01951
4.02825
9.03863
6.97231
7.46944
5.27515
6.39134
11.28793
6.97353
10.12572
3.68059
12.60384
5.91652
4.63644
6.27924
3.36893
2.91506
3.50933
4.29189
3.16101
3.29598
4.29989
4.22806
4.4597
6.43726
3.39143
3.68249
3.1408
4.37042
3.48124
3.79272
8.38185
7.09415
5.39858
7.7828
3.32951
3.62657
3.32951
8.4358
9.58842
4.28281
7.58877
3.50933
8.35133
6.00115
5.16774
7.53613
9.0356
5.42644
4.49287
8.34191
8.85243
4.22943
3.6944
7.47779
8.80694
5.28245
3.47608
3.82004
5.9314
7.77044
5.51269
3.77274
8.09375
3.99092
13.58379
3.6133
7.3998
9.13431
9.53344
5.63415
9.23577
4.43952
7.27016
4.98533
7.15076
5.19012
5.37291
5.32593
7.35815
4.56961
9.22567
7.54263
9.02324
9.74937
5.7389
7.68853
5.89679
10.77024
8.02936
6.45802
11.37336
9.33585
4.92748
3.57837
3.14732
8.19098
7.07082
7.69976
7.17128
7.04736
3.13523
5.04259
9.38936
6.56088
4.66269
4.59769
8.45697
8.78365
3.79588
7.26714
5.97319
3.97264
3.1777
6.55173
8.11955
3.43269
4.14479
7.81109
4.92339
4.5324
4.63775
6.04835
6.43328
4.50676
8.05537
12.11558
3.87767
5.92509
8.60004
6.77316
7.34592
8.94908
4.52366
6.20801
4.14786
5.91522
4.28281
3.74198
3.37403
8.90044
7.6589
3.61046
3.85938
4.63775
4.32535
7.34129
6.1953
4.59494
10.58903
7.5933
10.47382
10.15194
7.37971
5.95778
4.08062
3.40094
10.31098
5.55492
3.39077
4.16047
3.98779
9.85859
3.68249
7.46556
8.25525
6.72934
7.83354
6.94874
9.02519
7.96952
6.08175
6.20216
3.97045
8.08086
3.09966
4.66622
7.05646
6.27042
9.1768
4.39608
3.91369
4.36483
6.09073
5.63058
3.74787
4.78109
5.60965
3.71815
8.62985
8.5033
6.76734
5.01599
8.34191
4.20966
7.90237
4.7604
3.59538
6.16761
7.42823
11.02357
8.64332
4.65727
3.48061
3.86362
4.17452
3.34508
3.18578
9.62024
9.77384
7.17226
10.12949
5.60479
4.2074
7.72471
8.07957
6.58711
11.49562
9.54134
6.9496
10.01409
5.14073
5.88685
6.54928
6.50271
7.86335
6.28929
8.34658
9.52387
8.55289
7.70113
8.97743
7.87612
8.17169
6.79067
7.43395
9.80689
7.97629
6.51969
3.50933
4.36182
6.86105
6.14601
7.91404
8.24039
3.81737
3.93684
5.3158
10.52808
3.86756
3.33168
3.07878
6.91383
10.02061
6.91383
9.75976
6.3356
6.53772
5.92775
7.83682
10.65347
7.79969
8.48443
3.42531
4.15768
7.49451
12.0297
6.60751
3.15798
6.82847
8.23058
9.7126
5.04259
9.70891
3.9894
9.76391
8.55214
4.33056
4.58541
5.85632
3.4718
7.31968
5.50851
6.58613
7.53613
5.95607
8.82382
10.22018
8.2635
4.25125
8.95607
9.88834
8.72589
8.84387
4.41144
7.60858
9.91935
7.66935
6.22748
8.09122
9.36943
5.5148
5.28245
4.41272
3.20891
3.70495
5.68269
8.68438
6.59498
6.80743
6.62802
4.37042
5.86433
8.6026
6.11395
4.10005
3.64252
3.14316
5.13137
7.65559
3.36893
4.07424
4.90786
10.51858
7.71356
3.58724
3.19405
7.17947
8.49649
9.18464
9.71042
3.46693
3.98437
5.88745
8.01688
6.96386
4.20014
3.49318
7.65046
4.08543
6.99869
5.52083
3.85938
6.89999
5.85242
6.88712
6.85382
3.78032
4.44628
4.33734
8.29959
4.24438
3.49636
5.53263
8.5468
3.60681
7.78106
3.93001
5.92913
3.09793
4.58916
4.76771
8.85812
6.87525
6.6873
7.74644
8.46387
7.66176
6.01159
6.10559
11.41504
4.31355
5.10139
11.66462
3.39553
7.95319
4.45225
6.34945
4.4597
4.94632
6.24734
8.1618
8.74044
4.60548
4.17558
4.76631
3.50933
8.13529
9.24493
3.03206
3.42818
3.69163
3.57482
3.83251
3.66242
2.9781
3.81846
3.52857
6.41331
4.9372
3.96025
3.624
4.81545
3.32594
7.06768
3.5306
5.14354
4.83049
3.11534
6.3423
7.56282
3.55371
5.38433
3.7027
5.06198
3.36375
3.73882
3.38774
3.75143
9.17882
4.09098
8.50971
5.28245
7.81227
7.34241
3.31707
6.2362
7.43395
7.67486
3.60311
6.81416
7.2826
5.19544
7.86625
8.64862
7.03153
7.51957
3.9211
4.14131
8.38011
4.33996
10.43898
7.64713
7.44736
7.95054
5.7002
4.74562
10.40546
10.49103
5.2317
6.58858
4.63451
3.12241
9.52503
8.74562
8.03582
9.10344
7.06684
6.63687
7.16312
8.79813
7.90975
7.58279
9.74224
8.24297
8.88421
11.25178
7.90447
7.51607
7.50899
5.17634
5.1286
5.79591
3.11427
5.14636
7.70113
7.93228
7.90609
6.90425
4.56364
5.09294
4.71152
4.11577
4.10605
6.99869
4.3331
3.36893
4.47765
3.43909
5.21618
4.47647
9.92319
10.32146
5.41215
3.33855
4.29189
9.14453
3.52464
7.15076
3.00852
8.79543
9.61655
9.32849
9.77384
5.15562
4.81406
8.22072
6.1756
9.08874
8.17765
12.30324
11.11788
11.61197
5.67335
6.20801
4.32535
3.54218
8.92647
8.26504
9.6605
8.00032
3.85723
5.33435
4.26506
4.61514
3.51542
4.07259
6.32127
4.91598
4.30625
8.88086
8.59047
3.80102
3.9334
8.32923
9.40508
7.03518
8.75902
5.7774
6.87119
6.01321
3.75304
11.34652
12.46305
12.46305
12.73872
4.19375
6.22263
3.68554
5.75407
6.9277
6.9277
8.38185
6.88394
4.36182
9.31552
7.77956
7.84063
5.88977
5.94688
8.92055
8.87189
6.01732
3.68664
8.39345
4.63451
3.83967
3.49476
3.6133
10.66963
6.51387
9.44267
9.04002
5.57504
7.21428
6.02131
6.61132
5.88847
5.32091
5.08885
11.63162
6.28223
8.18548
7.98267
10.16024
9.22189
7.48213
5.76709
9.87378
10.20807
6.55867
6.12269
6.79067
5.12215
7.54497
6.32816
5.59909
7.01594
3.80795
7.90447
4.61417
4.70387
9.31255
8.27344
10.31615
6.74703
3.31157
5.70743
4.86209
10.09228
6.16854
7.54179
3.53239
5.80845
5.34547
4.86408
3.84021
3.95258
8.54531
8.44555
4.82809
4.73586
4.88519
3.53984
5.18628
7.78779
3.91689
5.37671
10.48363
6.71521
3.97938
10.25643
5.69349
10.31931
6.72213
11.62322
3.96152
6.73831
7.87985
5.73189
3.87368
8.04559
7.36885
4.24354
3.87419
8.22665
4.73936
3.75861
4.54735
5.21792
9.09342
4.80681
5.74982
5.97222
4.49977
4.49977
6.97231
3.35444
3.47056
5.35946
3.87133
5.54676
8.32484
7.16263
5.54676
6.00568
7.08221
5.54676
3.94936
10.38916
3.95258
3.50456
4.28971
3.359
3.8998
3.53393
4.30383
4.57679
3.57837
3.67869
5.24448
4.4895
4.14786
4.4895
6.05469
6.42386
6.42386
4.14331
4.53489
3.61134
3.37958
4.42008
4.49131
7.67261
6.42386
4.0983
9.3817
10.57815
7.20576
6.42386
6.42386
8.87793
3.87262
6.42386
7.2517
6.87304
6.51576
6.63594
8.85075
4.66916
6.01159
3.85476
13.06889
12.67179
12.05161
9.91777
10.06698
5.48003
7.91582
11.05455
11.01789
9.41494
11.97282
8.94028
9.11212
11.65861
11.92181
7.68068
6.92886
9.69929
10.87388
10.17934
11.07569
5.53263
3.55315
8.70861
6.81595
7.97202
8.17528
6.93926
6.56929
5.70429
3.39209
11.56125
11.60631
7.52979
7.13401
6.90652
4.45849
11.4201
12.58818
11.09838
9.61299
7.31339
7.67486
4.16274
7.60744
8.63379
6.35565
3.6548
6.56831
9.95035
7.32332
3.77274
4.13135
4.2722
3.1909
6.22492
9.02519
9.72005
12.21313
11.3667
8.84074
3.10315
11.02874
10.8458
9.63538
8.60553
7.0865
9.60811
8.38808
11.87358
9.51481
4.93583
10.66689
8.62154
6.70894
4.22469
6.99579
4.26506
6.80187
5.50174
7.51393
6.9277
3.97576
3.95459
4.82502
3.51994
4.38934
4.94785
4.25215
4.59494
4.76269
4.59494
4.8467
5.16486
8.16886
4.74165
5.87629
4.75434
6.54445
3.44446
3.88088
6.97831
6.37136
5.68025
7.10325
5.52809
7.68068
4.54284
4.79473
3.4584
4.46247
3.1483
3.88088
3.75059
3.75059
4.74066
4.05925
7.55372
5.18025
8.67072
5.03679
3.64859
5.16315
6.09073
6.35837
4.031
10.23942
6.43966
5.63058
7.29723
7.46833
7.15505
3.61189
5.46802
5.96272
8.80694
4.4078
3.78681
4.66023
4.6257
6.49391
3.1499
4.46247
9.67932
7.15393
6.37489
4.92339
4.79367
5.32794
3.52195
4.72747
10.01252
5.79021
5.24195
6.36689
10.57068
7.77531
10.61081
5.51844
6.29725
3.90717
9.54134
6.11107
7.54744
7.57908
3.41493
3.07878
3.79915
3.55722
4.00106
6.87525
5.20198
11.73354
9.61472
9.45845
7.70035
9.38617
10.72907
10.72907
5.07085
7.20209
7.52156
5.98617
10.98344
8.68706
11.90306
9.68607
9.59226
8.14354
5.46319
4.11242
3.9211
5.5415
6.98946
7.63756
12.12355
10.5389
7.61033
7.9635
8.60746
9.04974
3.03206
4.49658
4.38785
3.82579
4.21962
3.64607
3.78375
3.91689
3.24036
4.02329
3.62805
4.43005
5.81968
5.01599
4.05462
8.0159
7.41102
6.24453
4.50611
5.44191
7.78419
4.63644
7.5842
4.32159
7.61589
8.47084
9.53112
3.59335
10.94631
9.95256
4.66269
3.13523
5.62288
7.35981
10.02851
8.87793
4.26121
4.47439
4.85653
7.13986
6.62802
5.52214
9.38936
6.8101
8.46946
7.99548
4.74351
7.3979
10.05625
9.91611
7.40406
9.60063
7.51115
8.4906
10.05981
5.80203
5.22197
9.97174
8.06194
7.29111
9.05844
6.35211
9.26972
11.24559
11.84396
8.78702
9.48863
10.02504
11.63162
9.5675
9.87844
6.47953
8.93602
7.87756
12.50536
12.35078
13.05683
4.15913
3.63492
4.15913
3.26798
3.27939
5.13322
3.18578
3.63872
3.58786
3.49165
3.49165
3.6548
3.25122
5.39918
6.61232
4.50937
7.14593
7.50082
9.64888
4.07537
8.63062
8.79735
7.04064
4.18675
9.2297
5.37604
6.47429
8.35022
6.94403
8.66567
4.54735
3.98574
4.45439
7.78869
3.99528
8.10498
5.63265
3.35444
5.5433
6.88515
5.99039
6.34754
5.71191
8.69056
7.24263
7.92545
6.76065
7.39292
8.31319
7.32505
8.23723
10.82447
8.52954
12.19466
10.32769
4.14957
10.99438
4.13135
6.68487
4.24682
6.56557
8.07791
6.40674
6.5541
7.00206
5.02087
3.76334
3.16101
5.04964
6.02131
4.5749
8.27547
7.71669
6.36284
5.56174
3.85476
3.10315
4.24861
4.49977
5.05873
6.87358
3.75781
5.71017
8.67271
4.01117
3.17465
4.67105
7.27593
8.93602
7.16599
6.5185
5.80507
4.28079
5.28824
3.95048
3.75781
7.01756
3.92592
8.41132
3.33534
3.52195
4.28971
4.36483
5.1286
3.02644
3.9056
3.46693
5.64441
3.91016
4.6042
4.96022
3.44916
4.66622
3.16566
6.72161
5.80507
7.59807
7.19931
3.52195
8.14009
4.06679
5.51097
3.05325
4.78276
7.23721
3.69921
3.72778
6.2682
3.24709
6.13961
5.13714
6.3641
3.11792
5.02353
11.29268
8.16343
8.28048
7.27875
6.39909
9.1768
8.43352
9.75356
9.34642
9.62145
6.26714
7.89634
7.86227
10.83341
5.10316
4.78879
4.46147
7.45149
3.38128
7.8461
7.68545
4.09238
6.12899
4.42647
4.07828
3.45333
5.77247
6.08175
6.67141
4.97298
4.66622
7.96124
6.74587
6.34031
7.55483
7.03757
5.82793
6.70366
6.66114
4.25275
4.45439
7.17339
6.8341
4.33056
5.25045
7.75478
4.04163
7.37189
7.97468
3.81439
7.93795
6.71888
7.38086
10.02504
7.01809
4.55571
6.806
7.62063
5.43668
7.38552
8.60949
8.19356
9.3427
4.56364
9.70483
5.34305
6.89623
7.99008
4.71938
9.15512
3.24881
5.3804
8.02187
5.78602
7.10233
5.25964
11.06343
4.55379
6.35837
3.72778
9.72302
7.70338
5.97803
7.72921
4.98951
7.11537
8.83122
9.43727
7.8851
6.15304
6.76478
5.14951
9.28695
3.74524
6.38138
8.6758
8.74635
11.16759
11.84396
9.57674
7.93477
3.60827
8.51169
9.84652
6.0142
6.25231
8.74228
6.10231
3.25913
5.3365
6.33094
3.87849
5.32794
4.02718
6.23422
5.06495
6.37948
5.09469
4.94927
9.12198
6.34592
7.47779
8.6814
5.84062
4.6158
6.00439
4.05755
8.13148
4.23435
8.82588
4.88856
5.25253
3.94856
7.24399
4.59494
4.07537
4.54735
5.145
3.94547
6.47429
11.26019
9.16595
9.27164
6.05901
4.7058
7.00947
6.26458
5.45898
4.99571
7.07021
4.56594
6.08851
5.30376
3.75529
8.21271
6.89822
6.05005
7.71469
9.72425
6.6651
3.9246
3.06502
5.24868
5.15348
6.85629
7.11114
8.04061
7.03673
6.41975
8.47839
4.77311
3.26223
6.11461
7.36465
7.74494
6.31835
7.30542
5.49017
3.86647
4.83493
11.98105
7.80204
6.24173
7.25722
3.24534
6.08048
8.18052
8.64519
7.40654
5.95274
5.56701
7.75358
8.25393
11.07951
3.68059
4.37042
4.99571
3.78232
4.17452
4.56841
5.28245
3.87213
5.17881
4.83957
4.85861
3.63872
4.86074
4.4312
4.87703
4.53093
3.31157
4.14193
3.36627
4.93583
4.25391
5.38433
5.92082
4.11577
3.21479
7.61473
4.64249
3.6746
3.71036
4.50195
3.20373
3.42531
3.89585
4.28601
4.02429
6.28416
3.40758
3.56571
5.57182
4.59153
5.56488
4.21532
8.31515
5.04499
4.25706
3.24534
3.60937
4.14786
7.53283
4.61289
5.96603
5.97545
4.61648
6.09073
4.18675
6.38138
8.26024
6.31272
3.60625
4.50326
4.24682
4.69381
5.47615
7.31546
3.12643
3.20891
9.63404
6.48848
5.76041
6.03442
6.72105
4.34834
7.50899
7.69546
7.58475
7.26714
7.43395
9.94574
9.23419
7.03841
8.05212
8.47495
7.5517
6.46377
6.23422
3.71714
6.35044
7.17615
6.17201
3.28739
5.36947
5.8286
5.90996
3.09194
8.40862
4.82669
3.15238
8.69361
3.50933
7.51115
6.51203
7.26714
7.29409
9.42514
6.0381
2.99062
5.40271
7.9574
4.10295
8.20697
6.22872
6.59064
7.35681
4.05596
7.01647
7.63154
8.12626
3.29056
7.07415
6.64411
6.02699
5.15967
5.485
10.69001
7.21533
4.27809
7.98635
4.27109
6.92479
7.91582
3.77662
4.22613
5.56275
7.22185
4.16165
6.03647
7.33739
7.03153
4.82568
6.72397
8.15983
3.13876
7.42188
7.0865
8.44698
7.16126
6.33094
4.7878
6.93694
3.25265
5.81022
4.75735
8.1126
7.15592
5.46864
7.40989
6.13466
7.97078
3.48928
6.70626
4.71938
8.88861
7.73122
5.65452
8.62068
4.49977
4.95104
4.86963
4.11325
4.88954
3.9211
4.35152
4.41857
4.46772
4.58368
3.80102
3.88988
5.11894
3.74951
6.01542
3.26068
2.93416
7.05806
7.1981
3.9048
8.79301
7.22424
4.20573
5.90534
5.1667
7.38411
6.75344
7.61473
6.86683
6.87763
6.19624
4.63553
4.11159
7.8347
8.52438
6.84221
6.73831
4.01985
5.99442
6.16424
6.76352
5.20096
8.31816
5.10935
3.14316
7.32835
6.09263
5.26204
3.43909
3.34045
5.35425
7.06323
8.81099
5.47615
3.42954
4.1361
4.3585
4.11003
4.65352
5.78272
3.83787
4.5172
6.21594
6.37136
6.37136
4.50326
3.20891
5.31657
5.41004
7.24399
6.41614
5.00287
3.62232
7.04736
6.87636
10.79326
7.00773
7.21627
3.47355
7.15645
9.09066
6.77893
7.48064
9.21597
6.60264
7.16126
7.02985
6.9797
4.5261
8.83122
3.46933
4.00106
7.01481
7.6254
5.64038
6.40189
9.63993
11.04727
3.73882
3.36269
7.93087
3.6406
4.47439
4.22469
4.38378
3.15542
3.61478
4.25706
4.83858
4.35435
9.01968
4.54735
7.76201
3.53804
9.47844
8.28611
6.09073
3.6587
4.90786
5.21414
4.5935
9.96119
7.38243
5.07459
4.30788
5.19688
8.29959
7.10749
7.06405
10.42816
8.20813
6.00277
4.37755
3.83147
6.48362
4.69771
7.51525
5.2095
6.02699
7.28697
3.5279
9.10576
3.90717
4.51224
9.10159
9.29824
8.83122
10.43443
9.01109
10.1734
8.21904
8.68823
11.09461
11.61765
10.26253
6.31272
8.08143
5.81537
6.31001
7.38086
5.01297
7.82744
8.07213
8.88991
9.25012
6.17072
7.82598
3.9056
7.34825
6.6952
9.83693
4.12909
4.03538
8.02739
8.96375
4.02429
4.41519
9.88073
8.40268
7.90237
4.40282
7.81109
6.18427
4.65532
12.77285
3.4584
12.62245
5.58022
5.08104
7.49313
8.61916
3.59108
4.85718
5.11641
5.11641
7.98479
3.97751
4.22103
3.62896
7.23275
4.32535
5.69799
8.8617
9.18567
7.49093
7.83203
5.07892
11.69471
3.56798
6.77143
10.9533
9.67614
4.10005
5.07186
6.93273
7.12248
3.22145
6.05135
9.38617
6.61022
5.60345
6.5761
3.0247
6.64832
6.24582
4.38554
3.88544
4.14594
4.5252
5.56701
4.90075
6.34426
3.49476
7.6629
5.7873
5.27679
4.6473
5.93372
6.886
6.46441
7.36698
6.35211
3.67869
7.25061
3.39794
8.0034
5.18281
6.08048
8.57148
6.37425
9.92547
3.81439
7.54949
3.85938
6.49106
9.03083
9.39637
3.72404
4.09238
3.74524
4.55063
7.81343
9.80689
4.85438
5.88417
3.98437
3.72033
3.42124
7.36525
8.7681
7.44541
5.58336
8.35811
8.67271
7.52469
4.06438
7.73284
4.29458
10.98855
3.19815
3.89406
3.80102
4.03292
4.10826
7.82744
3.07878
6.09701
6.94614
6.94614
5.88556
5.39313
7.99008
6.21362
4.15459
4.2696
4.48153
6.88712
4.78945
3.88251
5.74675
7.72719
4.82669
4.02767
8.07442
8.50182
6.88201
5.926
7.04539
6.05135
7.42412
7.04539
7.25473
7.97756
4.75735
6.54835
5.95175
5.38433
3.31157
8.62225
3.36732
7.29896
3.62232
6.61958
6.42833
7.47779
5.91948
4.87497
5.79958
9.35118
4.45008
2.95714
5.15967
3.52938
6.26458
4.21278
5.39756
4.86963
4.76431
7.70934
8.42066
10.45965
7.27347
6.85177
6.04835
5.68837
5.74982
5.59356
3.13523
6.57197
4.66145
8.80975
6.11107
10.68599
4.30079
5.00842
9.21502
5.64838
8.07664
9.35229
4.51224
7.50415
8.3706
6.47953
4.33996
7.88997
10.13663
9.42404
6.47138
9.19931
10.64046
8.29189
8.13343
9.62761
10.91595
9.35006
6.6549
8.81588
5.39142
8.59627
4.484
9.91146
8.38354
4.79271
4.65793
8.54379
6.01159
8.43712
4.80088
9.15328
5.02353
12.82417
4.41674
7.39345
8.44383
9.23667
10.41309
5.965
8.59779
9.45114
4.00106
4.23991
5.00842
3.57023
7.82744
7.39867
4.76937
9.62513
6.85382
8.74761
4.05054
6.15972
10.69001
7.75762
9.11307
8.75506
5.88289
3.4546
11.92181
6.95196
7.37837
4.31826
7.94541
9.41008
7.46663
6.59884
6.38354
9.31552
8.39826
4.968
7.28503
8.59313
5.58707
9.30695
8.65051
7.92206
5.28573
4.31768
4.19255
3.30016
3.30672
3.46215
3.46215
3.47608
3.52938
3.60534
3.9025
4.26217
3.53483
3.88088
4.36483
10.55586
7.54658
7.35328
7.35328
7.88997
4.26864
4.69313
5.34759
3.70068
9.65209
8.38525
7.70988
4.3331
8.16886
6.00017
7.01186
9.26088
4.031
7.98696
5.74156
7.30365
5.33231
8.14537
4.53617
8.50112
6.7574
6.52582
6.93747
4.58069
8.53185
4.39275
4.26506
8.20377
3.83384
6.35211
4.16165
8.25393
6.67398
7.34711
6.90705
4.8757
3.71263
4.27605
3.84101
6.50877
7.25276
5.5921
3.28935
6.28829
4.05462
6.65283
7.89848
6.96744
7.08453
6.31429
6.29925
4.34996
7.54829
6.37298
6.02699
7.01701
6.78595
5.69694
4.91951
6.4112
8.00742
5.42385
7.48717
3.37269
5.62466
7.61871
7.95054
5.83791
7.80441
8.05891
3.80689
9.43727
5.89776
4.60838
4.03649
4.67372
5.48601
7.15256
8.15001
6.51203
8.78284
7.85168
5.95047
10.58544
5.7795
4.25618
5.03884
8.15131
11.6494
10.67481
6.31616
4.7917
7.25667
8.53363
8.00153
4.34288
4.60621
4.29898
5.97036
6.10687
6.18231
5.50247
4.88044
6.03232
9.89844
6.3356
4.13742
7.64226
3.03206
5.31919
10.44481
6.70215
6.78291
8.00834
7.83914
6.9844
5.25645
7.04916
8.48723
5.55492
6.28603
3.24158
6.66268
3.6508
6.56831
6.35445
5.37465
4.39399
5.98195
4.00106
4.44807
3.78792
4.03292
4.31355
3.84203
7.02662
7.51823
5.09815
8.76615
6.90551
3.50323
6.38138
2.92396
7.13565
3.8456
8.11059
8.31219
9.26335
9.07687
4.94176
8.11652
8.33293
9.75766
8.86736
5.84365
6.14194
7.07678
5.41108
7.2275
5.58969
9.86779
7.73004
5.62802
6.21594
10.21551
7.26714
9.14118
4.52909
3.82911
3.62974
7.11537
6.21208
9.01008
6.73589
10.29268
9.29921
3.89275
5.98808
7.89309
7.8233
6.5067
8.96797
6.50791
5.16143
7.44461
6.5541
8.06992
4.43952
7.8306
9.00605
6.50271
7.64794
7.23275
3.24709
6.74237
8.80975
4.16996
7.1924
6.45802
8.02805
7.87101
5.74982
7.03153
4.90181
6.62182
6.61232
3.49263
3.64859
6.70475
4.37944
3.50933
6.48978
8.06859
9.58101
7.44955
4.19868
2.94301
3.50167
3.43909
9.08223
5.06817
5.12582
5.7002
4.15043
8.59779
7.32778
7.31251
4.86582
8.32349
5.73642
3.78232
7.65221
7.92864
10.68303
5.95607
9.99597
6.91233
8.41993
7.70556
3.89854
5.38149
4.30443
7.00947
7.5836
3.69732
6.93571
4.68191
5.29184
10.11293
6.72578
4.50937
7.34476
8.63868
7.34358
7.2177
5.29814
8.7278
8.61486
6.65073
6.60448
8.18424
12.37117
7.7828
8.63145
11.83046
8.81749
3.12414
5.59285
6.71888
7.03518
7.87905
7.2006
6.52366
6.60653
5.2327
5.52903
12.41405
8.85366
7.72275
6.65165
7.95619
6.41483
3.77844
7.13798
7.93973
7.42598
6.04155
6.26587
7.06907
8.27677
5.49125
8.08643
7.10467
7.82029
10.79326
8.93602
8.0887
3.76655
6.36284
3.68796
4.65352
8.02873
8.91587
9.24352
8.08335
5.87001
3.83713
5.14563
6.78595
3.84988
3.5887
3.96723
3.45177
5.69349
7.73824
7.86047
3.37855
5.78142
6.34818
6.56618
11.24126
4.31124
6.40776
3.54218
7.47164
3.66242
6.7125
5.94209
3.76951
5.65942
5.42862
7.43102
3.67144
5.43282
5.76709
3.92592
4.99196
10.04535
3.62805
8.6083
3.35235
7.41266
3.37269
6.64411
8.67792
5.84269
7.66352
4.69999
8.39276
8.56811
8.10626
4.38491
7.22696
5.67848
3.33791
4.44232
7.96768
5.61897
4.56066
3.16983
7.14593
6.4183
8.17169
9.22328
12.05161
6.61473
3.74419
7.48357
7.30132
7.97756
8.66567
8.71454
6.56401
5.38433
5.82593
3.75608
3.77562
8.19701
5.54463
5.38785
4.86757
5.08376
5.0313
3.47608
7.45904
8.08745
8.00092
4.82947
8.61369
5.96396
7.20894
6.99249
8.12496
3.27519
8.51279
8.3912
5.74349
4.21867
8.80694
9.47067
10.42587
11.10211
8.58597
9.97174
9.72143
9.35963
7.09754
3.9211
9.27313
9.99342
9.55447
8.12018
11.37986
9.59471
8.59165
8.46525
9.02748
8.92231
8.91587
5.01297
9.93542
5.1667
8.06452
8.4242
9.32647
6.53565
9.85189
9.26857
3.54861
6.68342
6.103
8.77717
9.00275
10.0986
8.61251
9.60559
3.71263
8.6593
9.07904
7.82119
9.18262
5.71825
8.06992
9.97587
9.14258
10.11459
9.18726
7.75877
9.00012
4.21532
3.87525
3.57361
4.73293
7.58139
6.66356
3.40758
5.64838
6.36155
4.03649
8.01688
8.03768
6.95873
5.49675
3.42954
8.61486
10.34196
4.62432
6.96744
5.85632
6.92993
6.30546
6.99869
8.90854
2.79488
5.73189
3.68059
10.14173
3.63743
10.10216
5.85898
11.02357
11.20361
8.80453
4.61031
5.17138
11.21176
10.20028
4.13814
10.70812
6.94239
7.10613
9.98918
7.2889
9.44934
10.55069
5.93309
4.90611
7.6569
5.26787
9.04093
5.4217
6.59709
3.6508
4.98807
4.85288
7.80746
6.95322
4.81887
8.45412
7.86227
3.17465
5.04077
7.26178
3.91369
4.54735
7.98479
4.30943
8.45274
5.55903
5.29112
5.42501
3.11966
4.57425
3.85723
10.12375
8.72932
8.76914
4.16996
8.88746
5.23805
3.47479
4.95619
4.47557
5.15202
3.14316
7.11682
8.04494
3.08405
9.0544
8.83617
5.863
5.95403
6.47829
7.96064
10.81134
8.57834
4.03912
7.51525
6.80011
9.39637
3.88988
7.92999
8.45026
8.49885
3.75415
3.7856
5.78073
4.0533
10.41766
8.47646
8.94618
4.70954
4.53907
10.12189
3.11675
3.51449
3.75469
3.01494
4.77947
5.54394
4.54284
5.60755
3.23241
3.44622
3.80929
4.39608
3.49476
7.22246
3.10315
6.69901
11.94841
11.86618
4.20881
5.12215
5.02856
5.23528
6.9079
8.93057
4.89874
7.10939
6.8341
6.80391
3.41493
5.98195
6.91043
4.28697
4.01343
5.26343
4.1069
5.53902
5.84365
4.19255
5.82133
8.6963
5.96133
6.07687
6.80249
3.83251
2.98715
7.31453
7.86421
5.22746
6.94403
5.99712
3.80489
5.3365
6.28603
4.74562
4.93312
4.21782
3.23241
5.61683
3.11271
4.28971
3.6253
5.00287
10.3328
6.52647
10.56337
6.73074
7.65559
7.49806
4.10084
5.17038
9.00605
6.93337
7.87756
10.00122
5.58475
5.02218
3.98226
7.11817
10.8866
3.35107
5.30579
11.47512
7.4049
7.19549
10.60844
7.35681
9.59471
3.85723
6.80097
5.33371
9.56991
4.86209
9.9091
10.24247
3.29823
3.6253
8.27245
5.67132
6.9384
9.20259
7.44347
11.19953
7.94895
9.07808
7.52781
9.1393
4.21532
5.77011
8.44805
5.86597
3.48664
7.40406
4.20133
8.38702
9.21691
10.03273
9.44142
8.20999
5.73189
6.87941
4.11929
3.17465
4.25473
8.06761
8.0034
7.24654
7.95211
7.38301
6.05274
8.1275
7.22965
5.36212
7.40301
7.70338
7.42188
9.7364
9.31144
3.64607
5.42069
6.98836
11.22058
5.17344
6.49934
5.63823
6.04416
10.36485
8.4242
6.71314
6.00903
4.35311
5.06817
4.47959
5.61897
7.48357
7.18647
7.96504
6.79067
8.48834
9.36565
6.54204
6.13229
3.30138
10.88354
6.03586
6.19826
4.54004
6.39353
3.39005
3.54861
11.58397
8.77842
10.73592
10.76336
11.04353
11.72673
5.53655
3.21559
10.68013
9.90609
9.8237
10.64954
11.51708
8.14009
8.87793
9.50828
11.12171
11.3667
10.40546
9.89844
11.78741
10.3328
10.34401
4.3922
9.12908
11.20766
10.56078
8.20903
10.71929
9.89844
9.07687
11.73995
10.30887
9.10725
8.98452
9.68805
10.76336
4.67662
3.13523
5.47368
5.49534
7.09256
7.85547
8.92391
5.00287
5.78866
10.04949
4.94176
4.40694
3.3574
3.36893
6.24892
5.88353
4.71056
5.56383
4.61031
5.37931
7.88997
9.36724
5.09574
7.21102
7.74644
9.93863
9.48518
4.54735
5.10673
6.98081
6.96104
8.83617
9.96776
7.99826
8.2495
4.37042
4.27809
5.95471
3.1079
3.72672
3.66776
4.12344
4.6308
3.31854
4.02961
3.24881
4.62152
5.30025
5.32346
5.94882
7.52896
5.94948
5.86129
3.90405
8.21599
9.80908
7.20777
7.78719
4.71378
10.0751
4.48525
8.13693
5.04856
10.49816
6.06258
7.45149
7.24204
7.02239
7.81109
8.53466
6.06907
6.14032
7.38629
7.33452
5.25786
4.06201
5.07892
3.94497
12.08987
9.12065
9.75142
6.96013
4.83762
3.1079
5.79958
11.7536
8.14728
5.95937
6.30454
8.33788
3.27289
6.49998
8.69815
6.30647
6.47264
9.25922
8.54789
8.90724
9.81341
8.8617
6.89907
8.16724
6.35345
3.9025
3.64252
5.05659
4.30943
4.81406
4.44232
4.5218
6.71521
2.9492
3.96293
4.1649
6.00568
4.41767
3.79216
3.91236
7.8993
8.27104
3.13523
6.67703
10.81575
12.16311
12.16311
8.68706
9.20901
6.72725
6.78595
8.5834
10.15194
3.88884
8.53598
4.38785
6.89241
6.02452
7.6126
4.33996
5.39756
9.27983
5.27065
9.2318
9.14793
7.79692
6.67292
7.33739
3.95839
9.52259
6.52366
6.95489
6.57197
7.23721
9.18262
9.20119
9.17098
7.96003
10.89443
10.89443
10.89443
9.60687
11.39631
8.02521
7.90541
9.82591
10.9377
5.10788
5.73189
5.3085
4.40447
8.2121
7.4183
7.25615
9.70689
4.03912
6.01668
4.53776
2.8559
4.09699
3.42687
4.33547
4.64572
5.13784
3.31456
3.86362
4.71696
11.01461
7.3998
7.42001
4.26806
5.54259
3.89854
5.15562
3.88088
4.37944
7.5754
8.01171
11.96576
8.72589
6.26458
4.38091
3.92749
5.91815
5.91425
4.54284
5.6266
6.34302
9.89283
4.6191
4.41144
3.66242
3.49724
3.76105
3.41493
7.87036
7.85688
5.14745
5.92404
5.47112
5.25786
6.68202
8.49885
4.00106
5.05382
3.76105
6.66447
5.09095
5.71825
3.58097
6.24173
7.2248
6.30647
7.39237
4.51528
6.5761
5.24122
3.96429
4.24073
3.76523
4.68099
3.82166
8.07664
7.76749
7.55972
3.76951
9.62638
5.662
4.06272
3.33319
4.9132
6.28223
4.7264
5.79958
5.01196
8.96375
4.7868
4.61848
5.87629
7.07249
3.57262
4.1535
3.96805
10.98855
6.58914
7.59213
8.32222
8.3019
8.05719
10.11125
8.29553
6.9797
9.71789
7.40766
9.05663
7.82242
5.32659
5.67708
9.03083
4.82087
7.59807
3.62717
4.04296
3.52082
3.66944
4.35496
4.58268
3.32005
5.6291
4.06091
7.09058
7.55626
7.46944
7.44061
5.64643
7.06596
9.25159
5.87758
7.05692
8.03092
7.29723
4.0491
7.79356
6.12596
7.10467
6.45535
7.16041
7.06596
5.52704
8.78702
6.34164
4.9289
6.18073
8.88213
9.26759
8.52629
7.64053
5.63763
5.37393
4.42128
7.49689
5.02353
9.65076
8.67458
7.16801
10.01761
6.58025
3.25749
8.85932
4.8044
8.73167
7.73613
7.52156
7.81795
9.59759
5.51631
7.27347
11.26019
8.44555
8.06635
4.45605
3.53483
7.53283
6.00998
9.28447
5.71431
4.74562
8.35811
6.06258
8.71966
7.56173
11.42484
12.09832
7.59577
7.46368
6.76213
4.5172
5.40573
5.62214
6.00277
5.58475
5.94788
8.54531
10.42241
3.99712
5.92303
9.20998
6.96744
6.44851
6.29528
7.30215
5.7521
2.83403
7.77829
7.94268
10.91273
3.52616
5.44976
3.54627
5.44295
8.4352
3.69605
6.75826
3.50933
5.15274
3.9557
3.5756
3.93462
7.15961
4.78109
8.54379
4.36182
4.36182
3.79138
9.63731
4.48664
3.96293
3.63743
3.42386
10.0777
3.65621
3.45177
5.11204
3.73882
3.38507
4.01985
4.0737
3.91016
4.13897
4.05199
3.27939
3.85371
4.61031
3.71445
3.84427
4.39881
4.23492
3.88884
3.60219
3.73041
4.00872
3.85184
3.82473
5.0296
3.47243
5.46602
7.25846
4.81272
6.70626
8.11196
5.98195
6.23982
9.28948
10.86477
9.00275
7.22643
7.74127
4.46617
5.01981
7.48717
9.40173
8.5468
5.85472
7.5051
9.41841
7.26066
5.48276
5.48734
4.09435
4.54124
4.06091
5.53655
8.36454
6.45802
3.21972
3.71815
7.61788
4.69217
6.68202
5.44625
4.46711
7.65388
6.65632
5.64441
9.74585
7.53283
5.261
7.101
8.87189
8.10909
5.03785
4.58916
7.05284
3.81439
4.6724
3.48781
4.03912
4.99368
4.15624
6.63938
4.38245
3.76951
6.59498
9.73084
8.45169
9.06489
7.48357
7.31968
7.74809
12.64165
4.68806
13.23933
9.94185
8.09375
3.74951
4.12344
7.36182
8.64142
7.27158
5.97126
3.67625
3.82112
7.22342
6.82907
6.24328
8.33539
5.32346
3.66944
8.34191
3.62005
7.86537
8.84074
4.34383
4.64512
8.12206
6.19139
7.21102
6.01542
5.7064
3.99474
7.94268
8.23488
7.01126
8.83939
7.67607
6.74821
8.70017
8.22885
8.01171
6.84997
8.83122
7.63643
6.84997
4.53301
4.59902
10.59282
8.11421
7.44347
7.00265
6.64294
3.44446
7.45149
3.32812
12.53922
9.06073
8.10336
8.91587
9.44591
5.3511
9.59759
6.27042
8.3205
6.52273
8.44383
8.6963
6.70035
5.06137
6.53937
5.18399
5.2265
5.47001
6.49196
3.89585
4.42647
4.33547
4.41674
5.44696
5.99039
4.79989
4.98606
4.18501
8.81186
9.59947
5.52498
2.75438
8.46023
6.95767
7.57183
6.90196
6.38945
8.24633
10.3714
7.54378
5.32931
7.18056
2.81694
9.07501
4.80847
5.64838
3.55025
3.05704
3.54861
3.61678
3.61678
3.61678
4.66622
3.2538
6.60565
3.35804
7.20722
6.46536
5.82695
5.7346
6.19468
8.76018
6.12431
3.07561
7.07249
4.2119
6.2959
8.82826
11.33347
9.98493
7.17784
5.01128
7.95499
8.4906
3.70355
3.27026
3.83603
5.2439
4.34538
7.44117
5.25538
4.04694
4.27109
7.2826
4.35786
3.25545
6.23422
10.87729
7.70556
3.99367
6.90081
4.24682
9.1366
7.30013
9.35656
7.63943
9.1768
3.48187
4.3296
3.49882
3.9865
5.07459
4.43474
4.48786
3.43269
3.8529
4.18979
6.7316
6.6187
3.89755
4.58467
3.20102
3.91689
4.71378
2.89407
7.6569
5.67335
3.31526
4.53366
7.58877
4.63905
4.14002
5.1107
4.80537
7.03518
4.59833
5.19315
6.08731
5.88165
10.36485
4.49287
9.98493
9.01322
4.67962
11.44921
10.05795
8.63868
10.46663
6.44548
5.68837
6.60962
3.59108
10.14002
7.17128
6.20969
6.88858
5.20029
5.01024
4.03373
4.47267
7.27073
5.56073
7.50594
6.3783
4.39098
9.25363
8.62679
3.6587
5.12361
5.45355
3.92592
3.24234
9.13289
7.54949
10.23615
5.4176
10.78557
8.29455
6.42681
9.08223
9.33847
3.73333
8.64662
5.27891
3.17465
7.76025
8.15715
3.82323
8.05537
5.6266
4.06602
6.03442
8.14859
8.27777
6.76213
5.19251
8.14631
5.67848
9.05844
5.87385
7.56832
7.57962
7.06907
8.07213
8.64332
4.59153
6.15643
4.84495
3.16766
5.7389
5.08175
5.93878
3.12876
7.4365
7.71905
11.00827
7.04857
10.86143
5.00497
4.56364
3.92294
8.33947
5.10673
7.62962
7.28697
9.77028
10.37471
10.45171
11.49562
4.03649
4.32159
8.63613
6.9174
5.61559
9.41611
8.99681
5.68025
8.94829
3.77274
8.76213
4.58677
4.86757
9.42069
6.84221
3.75608
5.53474
4.95485
3.22373
10.66384
7.48894
5.19544
7.73122
12.32108
7.60149
9.56254
3.9352
4.32836
8.65138
8.36193
2.8997
6.877
6.29117
8.66229
4.59279
3.52735
7.95831
9.38457
7.95948
7.79013
6.99724
4.7058
7.49451
5.79695
8.04182
5.89478
3.87525
3.97447
4.35152
3.73041
5.51097
5.22309
9.34487
4.15207
4.6502
6.19071
9.01661
8.57726
6.81071
5.9014
8.06452
6.95404
6.71007
6.70305
6.91043
6.81868
8.14631
6.65283
7.46612
8.0034
8.26566
6.40365
8.15315
6.42039
5.02753
6.3848
9.51058
5.3684
5.50592
8.58597
6.40493
8.69815
9.33309
7.69834
3.73041
3.83603
6.31931
3.98071
4.69217
3.69078
5.48069
5.75641
5.20693
4.62309
5.261
6.96744
7.91817
6.99058
6.45132
8.35445
7.74017
7.21533
7.61589
4.80258
7.82424
5.38785
8.30688
6.53855
3.61046
6.50271
4.58003
9.17251
6.45132
7.84122
9.24007
7.65388
6.07365
3.70355
8.74965
8.22167
4.18501
5.36947
3.38283
4.34834
8.10909
7.42823
6.57968
6.86683
6.58386
3.4584
4.68608
8.0034
4.1661
5.81258
7.5808
6.24173
6.31117
5.41997
4.35729
7.87248
3.95734
9.19221
6.89148
4.89563
3.88762
7.78869
6.43562
7.6126
3.39794
5.84944
5.45042
4.13508
3.56798
4.42218
6.19826
6.31616
6.77893
3.71263
5.83791
7.64419
3.20373
8.73448
8.06761
4.71696
8.58818
6.42958
5.42862
5.25964
8.39563
4.00793
4.47765
7.35681
8.17528
6.9174
4.0633
6.20572
8.19794
4.64057
5.722
3.48781
5.81322
4.23385
7.20462
7.77531
5.01599
7.92864
7.24914
6.49261
3.96616
5.42862
7.5754
5.29739
7.77531
7.85456
7.3968
9.19931
7.28972
3.38507
8.78095
5.69141
7.26386
8.00954
7.55372
3.68249
4.76937
3.8686
8.20116
6.02131
7.49861
5.61559
5.37127
6.79182
3.80594
8.27777
8.83856
9.97414
3.89091
10.09495
6.0295
9.54422
10.02851
8.99343
5.07892
6.91881
6.12269
4.0256
8.36715
8.2635
6.3256
6.69239
4.24682
3.81439
5.2193
8.13148
8.13693
3.80929
7.34014
8.7902
4.6308
5.67032
6.67141
7.99401
8.53811
8.36054
10.16789
8.14098
5.68599
9.10869
7.26298
7.99826
3.27939
3.65621
7.75072
4.16996
5.3951
5.13322
4.53684
9.34166
9.07227
6.73681
9.01533
8.13343
4.68099
5.5042
6.38851
7.09204
10.00746
9.95256
9.48234
5.6236
3.98226
6.55867
4.89327
10.2813
8.23121
7.03757
7.38086
6.90196
9.84891
7.55257
8.4345
7.48526
7.06241
8.83122
5.42269
7.58534
6.41178
8.90518
5.74088
6.46188
5.61432
6.7547
6.51008
6.16557
6.6162
6.71713
8.4555
9.88987
7.8461
4.88789
10.02233
8.11325
6.23422
9.24007
8.91795
9.87612
9.7896
9.92869
8.28739
7.14364
7.14364
4.57746
10.27635
11.68588
8.17921
7.20576
6.92228
9.16355
6.76478
3.86362
8.70493
4.65896
9.28598
6.81595
4.46089
4.25048
7.35191
11.23651
6.31001
5.72468
3.43645
8.62763
6.15181
6.57052
9.49532
9.57429
9.44026
8.1743
7.00947
3.84852
8.42772
5.18345
3.12131
10.03624
7.15505
5.51844
3.37467
4.42647
4.17673
4.01827
3.68443
3.51449
3.05478
3.49476
7.05167
5.03549
11.84396
10.00906
8.46254
6.82111
7.88235
6.77021
8.25622
3.40094
5.82957
4.85096
3.4584
8.15715
6.85748
7.5071
8.94748
4.17861
3.02136
6.31835
4.41519
6.62802
5.18025
4.65352
8.39666
7.89159
11.57289
8.51279
8.09762
8.24167
8.82588
8.40027
9.60936
6.3011
5.90005
7.61033
6.00179
4.75136
6.49871
7.47542
3.69078
7.84405
8.23818
8.12626
8.06452
9.43109
9.248
11.06343
7.38411
9.70689
7.68938
3.92592
5.84506
5.48734
10.69697
6.17715
4.22696
6.12113
2.91911
4.87634
4.88519
7.47644
9.22818
5.72468
10.18322
10.0986
7.57183
5.67606
8.84511
4.42647
7.07566
7.24028
6.44418
8.35576
7.09146
8.20283
6.24582
8.13786
6.3945
8.90345
7.91702
7.31453
4.87164
6.74066
9.06159
8.99469
3.58606
3.59981
5.35
8.77518
7.36182
5.51097
7.53283
7.83526
10.5436
5.91652
7.26959
3.81846
7.92709
5.32346
7.45785
4.44414
3.86362
5.85404
4.95926
8.58045
8.94618
8.73724
6.20347
5.87934
5.48873
3.56798
5.27272
4.02641
5.99652
7.72719
3.8763
4.51865
3.89406
11.94085
8.52156
4.49785
12.36119
10.74756
8.30523
6.40776
7.06506
7.09554
4.14002
7.90237
4.27347
4.6473
5.97319
4.73744
11.77643
7.52979
4.88106
3.4584
3.60827
4.9816
4.62732
3.97127
4.44807
4.53093
8.30354
6.36061
8.77641
5.28573
7.37837
7.36885
4.66355
6.38412
7.99611
7.45149
4.39608
4.66423
7.32187
7.05563
5.89141
7.81554
8.8617
3.19963
8.72391
8.90345
8.08962
3.72672
4.19079
9.08474
7.77211
8.49168
7.50899
4.58677
3.76579
4.89117
4.44807
4.24682
4.11857
10.57325
5.83791
7.86915
9.27313
6.9774
3.34157
6.95404
4.4312
6.94239
5.85798
10.22018
5.89141
5.14003
7.26525
3.41085
4.78515
8.41234
8.67792
9.3401
6.16036
7.02322
7.89309
7.55257
9.06489
6.94496
8.5559
9.46851
6.04677
4.46457
8.55108
3.22145
9.3817
9.37482
8.00954
9.11491
9.51481
8.84909
7.20209
6.487
4.93054
7.52156
4.9132
7.04539
7.6589
6.36496
6.77606
6.29925
5.19789
6.54654
4.23871
6.25106
5.22746
7.96952
6.26067
4.49658
8.57472
3.26379
7.63046
3.56089
3.04874
11.6494
6.22263
4.21532
4.23871
4.40131
3.99284
4.99813
6.56179
8.71096
3.76732
3.87767
3.4857
4.59709
3.42531
4.39608
8.91883
7.08535
11.5784
9.30071
10.35922
10.0388
10.60051
9.63281
9.56991
9.01799
9.75976
6.15055
10.75326
12.72612
10.53164
9.81641
10.48847
9.93325
10.51243
9.85859
11.14273
8.73525
6.53682
8.88583
8.96578
9.00275
9.31552
9.60368
8.94256
7.55083
7.55972
10.70131
9.78546
8.81588
9.2619
3.43443
9.52613
9.42627
9.77384
3.86362
11.00497
11.43937
7.14102
7.5754
8.81375
9.11581
11.3375
8.10046
7.53089
4.99571
7.9475
5.68269
8.0846
6.64619
10.55321
7.80882
8.43123
5.87109
7.93174
5.22572
4.31355
6.63785
11.46437
7.87489
7.86537
3.54627
3.64607
7.9683
6.10792
4.37042
3.92836
8.56478
7.04064
8.05537
11.74664
4.59153
6.3081
4.5172
6.42895
3.65621
2.88771
4.87806
3.17918
3.57694
9.00742
5.55492
4.99064
7.51707
9.37703
5.36348
5.96335
8.51734
8.05312
9.94418
8.0757
7.77211
8.89446
8.25393
5.28685
5.97734
5.3958
5.55903
4.4576
7.26469
7.74752
4.03484
4.28392
7.18451
6.53134
7.9574
6.28929
6.01542
5.30695
3.97264
7.48894
7.79825
3.67709
6.99145
8.60068
4.92339
4.84329
3.56396
9.96445
7.175
4.21782
4.98321
11.72035
3.56224
5.05382
3.81439
7.42188
3.06964
4.18318
8.56811
8.85153
10.84268
10.10945
7.70787
9.47355
9.11401
8.3388
6.21362
3.23241
7.74017
9.58592
3.44446
4.93312
5.86064
4.82305
6.97118
3.77952
3.70654
8.95865
6.85865
3.43645
5.4147
9.2762
7.52469
3.89091
10.21159
8.26859
6.36972
7.69263
8.28958
3.84427
3.74787
4.35641
7.75762
4.69999
4.47052
9.53344
9.23419
7.52268
3.56571
6.60264
8.26113
7.23479
7.59438
6.56702
8.47839
4.23665
7.86742
8.22167
3.44916
7.85012
6.27679
3.50933
7.02435
11.12948
6.30872
7.12017
5.13066
9.53585
7.93572
7.59577
8.4186
4.77656
9.76391
5.30482
7.8194
2.99596
8.39417
4.80681
8.27014
8.77193
4.95795
5.48352
7.89634
5.10316
6.39808
6.97514
3.69605
4.48525
7.6126
3.09002
5.61066
4.94066
8.63536
6.76213
9.80038
6.73372
7.94541
7.32106
5.54919
6.03232
9.69138
6.19826
10.57568
9.51187
4.31355
6.44263
8.41411
6.52489
6.68997
7.1888
6.39649
8.81989
8.64519
7.08755
6.75947
10.5233
9.9138
7.38743
9.10344
7.37407
7.47542
10.96832
9.12198
7.96184
5.80507
7.47542
9.12382
7.85281
5.00003
4.58199
7.42935
7.15198
6.68487
7.39044
7.76567
9.14258
3.61678
3.04065
5.01599
8.47495
3.9289
9.28086
5.37291
8.79423
6.1756
6.35044
7.1888
4.55571
4.27347
8.98841
3.50167
6.16975
5.03785
6.6952
11.18317
6.89385
6.33907
7.59986
6.34087
7.59716
7.06768
7.06461
8.20509
10.08791
10.35922
4.50937
6.67027
7.3968
5.77317
6.25496
4.58916
5.40512
4.02505
3.54861
7.27516
6.83199
3.91872
6.13364
4.7906
5.56562
8.40408
9.49646
9.05986
3.19678
7.09952
4.70387
3.52616
5.80671
5.84807
5.66494
4.13456
8.79543
5.3138
6.04835
4.97046
6.17715
5.63689
8.04061
7.25331
6.19826
8.71167
3.6133
7.78957
5.57323
3.94056
7.80998
8.9533
7.68068
8.28445
10.56699
9.25252
3.66776
10.47634
3.95459
5.65521
6.74066
6.70035
4.53093
8.35811
5.43668
6.47772
8.29959
9.30944
7.97562
5.55702
6.36875
9.22818
9.06865
8.17369
5.37782
8.44886
6.76734
3.75224
8.90724
10.26627
7.52047
6.61712
7.34418
8.78862
7.45985
6.38851
8.19541
9.02951
7.79067
9.03213
6.13229
10.53406
7.86742
3.44446
3.88441
3.88441
7.55799
4.01033
9.58971
4.00106
5.65806
10.43028
5.11641
6.43562
5.6421
5.67335
3.25992
6.06446
7.51115
6.9319
6.06035
7.47432
8.58597
10.38457
9.24161
7.50899
7.29584
6.64619
4.04401
7.21688
8.94256
5.19789
5.37538
6.40031
7.23721
4.54068
8.07121
6.8341
4.98059
4.86473
9.14793
4.89427
4.0935
3.58097
6.02131
6.45535
8.2975
4.26033
6.08562
3.9917
5.90534
10.40546
3.32205
6.49391
9.43338
4.89662
7.36885
4.38934
4.83256
7.21324
6.86683
6.59192
10.04773
7.27875
7.28972
8.79101
5.57084
9.75561
7.80648
8.50555
7.27875
5.19889
10.03096
7.13798
4.08137
4.79823
3.57023
3.1079
9.16595
3.77274
8.26949
4.85513
8.80012
7.88235
8.2247
5.65731
7.16801
6.62182
6.62182
6.62182
6.62182
6.75344
6.59619
8.52366
4.96653
4.30506
3.32275
5.74576
7.73122
4.16996
8.85577
8.80215
3.84774
3.59108
4.29661
6.88792
4.91701
3.3371
4.49476
3.91689
5.99442
7.71155
7.70787
4.02095
6.32816
4.89427
4.80938
7.54321
4.82809
11.82375
7.35446
5.66779
5.33231
7.18
9.01661
8.63379
7.56173
9.00097
6.74528
7.86047
8.92844
7.64594
5.18628
3.86971
9.09489
7.56398
7.24654
3.43114
3.63269
3.29182
4.48786
6.47585
9.16166
5.31103
8.65286
7.5348
8.55108
7.59986
5.27748
9.74801
6.96245
7.95499
3.37855
3.96293
7.49313
12.64165
3.4275
3.96152
8.11779
6.61809
6.27261
7.30627
3.3483
5.53544
7.52635
8.9761
8.16446
9.20494
5.27515
6.00804
11.03608
5.46075
4.11747
8.40545
6.82758
7.89493
8.39666
7.47779
8.20283
9.67732
8.98237
5.85898
5.7002
6.57324
4.50937
7.36406
4.01827
8.56478
4.97609
9.7618
8.88003
8.17169
7.101
5.94369
5.18628
8.28445
3.85184
7.14676
4.28445
9.71529
5.38995
8.41411
5.29886
6.43562
7.54744
8.78946
7.10939
6.30742
6.15304
3.9894
9.05072
7.93973
4.60098
8.52013
4.75735
6.38745
4.73586
8.18977
8.24039
8.24039
5.20303
9.81853
3.71714
4.75735
6.77606
5.66387
8.96375
5.42862
8.22369
9.55702
7.88235
12.69206
8.82588
5.6006
6.18358
3.86971
6.45132
5.0971
3.51911
5.99442
5.22197
3.75968
5.00003
4.02881
5.41894
8.34453
8.47284
9.40675
3.57198
6.35445
5.86766
7.82534
5.44799
2.90506
9.65519
6.05801
4.73293
5.24724
4.23139
4.7207
9.09155
7.77334
12.42525
13.00859
12.98245
11.38677
12.87794
13.18436
10.77329
10.9783
7.84209
5.81968
13.1646
12.79217
4.56716
13.39469
12.39281
5.11894
13.89835
4.94355
13.25309
9.36168
13.2676
13.85446
10.31309
13.04405
12.9683
14.00988
10.21357
13.64845
13.11834
12.52784
7.81881
12.29317
13.47387
10.78847
13.14402
10.27251
10.44824
13.69501
4.19634
12.27173
14.39359
8.31107
12.94094
13.13133
13.08765
12.75604
13.01911
13.22499
13.60238
7.85746
10.62301
11.55574
7.02828
9.83474
8.73057
9.2762
9.02234
8.65546
8.66567
4.49476
12.2522
13.32278
13.19794
13.49057
7.26244
13.62537
13.7811
13.28315
13.54565
14.17805
13.74934
12.4418
10.2455
9.90384
13.72171
13.67201
12.75604
11.91041
14.07482
13.21104
11.49562
8.46254
13.34692
12.79217
11.1063
13.38019
4.71938
12.95403
10.7825
7.65773
4.45664
7.28121
8.55443
5.6121
3.85371
6.22125
7.10233
6.2005
13.10545
12.57029
11.9963
13.43443
13.43443
6.98782
6.40932
9.6741
5.31172
8.81911
8.24235
7.41102
8.10748
6.44031
5.06564
3.49048
10.13112
9.83252
7.22965
7.923
5.34833
8.21067
9.3044
6.94011
7.7828
6.53042
9.68276
3.7341
7.83914
8.17821
7.09952
4.76501
7.1573
8.65694
5.7346
7.33112
9.29417
4.77947
8.8645
4.19868
5.37193
6.5185
5.70251
5.81968
8.87553
10.52808
9.85859
8.84828
4.9792
6.00568
5.6348
4.20518
3.93409
4.61417
7.15853
9.78177
6.6594
8.92844
9.41385
9.85481
6.58386
8.41024
3.51594
7.79969
5.39987
3.78106
8.55779
7.81642
4.50457
3.47839
3.19538
6.14321
11.67056
12.03854
5.17775
3.89406
10.51502
7.24914
4.65627
10.95994
4.53907
12.22295
6.74908
7.13565
10.30185
7.79969
10.50526
7.47348
6.16424
4.84055
6.74908
4.36182
9.87141
11.34174
7.24116
8.90044
8.89659
6.74293
8.76128
6.28058
8.27951
4.60325
3.08188
5.44901
4.41396
5.47827
6.94239
7.97381
8.70693
8.51734
7.59438
7.75072
6.52708
6.12699
8.02521
7.69263
8.10107
9.20706
4.2851
4.70893
9.04572
6.52914
7.51707
8.32622
6.67292
7.55483
9.03731
7.58647
3.02299
8.08203
5.34004
5.8471
3.31157
7.91881
4.89563
5.30105
8.10336
9.86779
6.32816
6.42386
8.95781
8.34859
4.72204
6.92479
5.23972
6.13561
4.95104
6.3488
6.53198
5.24044
2.84632
8.68515
3.8195
3.04568
5.59667
3.75696
3.21248
4.18501
4.32836
7.92206
4.80258
4.62633
7.30365
5.76709
7.31138
3.81439
4.13298
5.7064
3.39553
4.37042
3.27289
3.6253
3.98226
4.7906
3.59108
9.51776
5.0313
4.58677
4.03912
3.97447
9.53344
10.13481
9.09718
7.25061
3.72157
3.80411
4.32535
4.7058
4.051
7.77956
7.69834
8.38915
7.27347
7.29201
9.04882
11.5278
7.75273
7.80556
9.158
9.01322
9.79324
7.99127
9.54716
4.08407
10.22309
4.08735
3.82686
8.45697
7.07249
4.44807
9.48863
10.69412
7.46773
4.98254
4.18675
8.2328
6.11946
9.10074
7.93572
8.07957
6.65848
6.56702
8.79301
8.41549
5.19114
10.6612
5.43668
9.42171
6.46952
12.06439
10.2813
9.48863
7.46508
7.07967
8.53811
9.87844
6.43015
8.76615
7.6254
10.48591
7.47978
5.28245
6.44606
9.35656
3.84988
4.41334
5.78666
3.26881
2.98056
6.19273
4.47557
8.09375
9.18976
7.39044
6.31616
4.95485
4.31882
4.83957
5.1586
3.79588
4.48279
3.1079
3.21379
6.66879
6.87244
5.76106
6.30044
2.96304
9.28785
9.4437
9.46618
9.57859
10.43673
11.40117
5.77637
5.2317
8.30977
9.19077
6.81714
4.17974
10.80365
4.70257
5.32521
3.84672
3.53239
8.28344
3.39899
3.76951
4.18145
4.08407
7.02828
8.41411
5.33941
6.9744
3.63269
3.71607
5.18802
9.26335
9.04225
6.54387
9.46513
9.42869
6.68487
3.66776
8.12935
7.06056
5.67606
10.74145
4.53489
5.84506
8.63222
6.40932
8.82266
5.7851
8.29097
7.74928
6.47647
6.26924
7.101
6.82369
4.41857
6.55259
4.04163
7.9919
7.64937
8.49885
8.76451
8.93228
6.09701
8.72083
9.93542
5.67508
7.59661
7.68853
9.17986
7.62793
4.9379
4.82087
8.9124
4.73744
4.73744
5.35659
4.8558
7.55626
6.90366
4.06817
3.68991
4.12199
8.51734
3.70181
9.06257
5.58022
6.9817
6.63594
6.77457
4.61189
7.04064
6.17875
6.77254
7.41686
6.95662
8.17921
7.05919
5.75987
7.6046
4.53093
3.73041
4.96397
10.53654
9.78035
6.44951
6.0283
6.73372
9.45745
7.24827
3.58412
4.12644
9.49282
4.52909
5.13495
5.91197
3.55454
10.0109
4.0949
5.05552
7.56083
6.85545
5.01981
10.37896
6.13756
4.39399
6.60448
10.81875
4.73491
3.27939
8.51598
8.37131
3.83012
6.3339
4.91846
7.14189
3.07878
7.95619
7.32643
5.09815
8.25756
9.48518
7.37328
4.18318
4.14479
3.99039
6.36284
8.01962
7.68294
3.41493
6.18942
4.21023
7.73824
3.76655
4.0491
5.78272
7.17784
6.78801
8.40862
6.38138
3.77274
5.84944
7.91215
7.63517
6.85988
4.01721
6.75622
6.55867
8.14859
6.73372
7.76655
5.86433
3.66482
3.55802
5.26957
3.44192
4.8926
6.16293
5.39446
5.59461
4.74767
7.46205
8.44383
10.05277
6.74353
8.24729
6.55613
6.41331
9.64888
4.24251
3.84203
5.55318
6.88287
3.21835
6.83086
4.90355
4.87906
3.38128
3.74044
7.46205
5.12474
2.97567
7.73473
7.13262
7.13151
4.61746
5.3965
4.62858
4.84495
4.09925
3.58673
5.99039
3.46693
4.35371
6.17301
3.66427
3.75354
4.00954
8.3699
3.56005
4.5218
6.66698
7.16415
6.95544
3.9917
3.69732
4.01506
4.07828
3.04398
5.43668
6.84752
3.88762
4.63354
6.96013
4.52366
7.96952
7.1888
7.80204
7.00604
8.58045
6.09401
7.6654
5.68943
7.29526
2.87385
7.70195
8.87553
7.64652
12.14103
2.92777
9.61825
8.82826
5.80311
8.42633
4.66622
5.56383
3.47839
8.93057
8.87431
12.10733
11.25178
4.83493
4.73293
6.19205
3.36163
6.34685
4.83256
7.57183
3.7082
4.8467
6.6415
5.30204
7.6869
8.07442
7.37584
4.16665
2.98502
6.44418
3.38932
8.94475
6.66698
6.78942
6.29457
6.45132
6.78199
8.58597
8.29959
6.18624
3.77952
6.10395
6.08267
5.56174
7.06056
9.44488
7.29351
6.06135
8.42836
7.92614
9.33003
3.28426
7.32391
6.04347
9.24493
7.08344
8.59412
7.28392
5.93775
8.81262
8.56251
9.07227
6.98946
7.63517
5.76244
4.11003
3.37132
8.26695
8.52293
4.09749
5.92404
6.23852
4.72814
7.07415
7.19067
6.10066
3.58328
4.64117
3.26467
3.65401
9.81479
3.73758
3.01494
4.27492
8.05001
4.06201
4.03428
8.616
3.9334
5.71563
4.56525
3.46536
3.91016
8.58936
2.99385
6.82111
6.18882
8.73366
5.1321
3.87933
3.64409
4.29989
6.43138
3.86647
4.37042
7.24654
3.41493
5.52083
7.02828
3.70181
6.06616
3.51352
3.45177
3.25545
6.27805
3.33534
10.8519
4.74866
5.11002
4.94632
3.78845
7.0032
9.50532
4.81016
9.44709
8.51107
5.10316
5.93546
5.36582
8.11544
8.58936
5.34472
8.0491
5.4989
4.62494
7.6589
3.9211
9.43727
3.91452
6.12176
7.11342
7.62229
8.30819
7.2006
7.67952
7.48526
6.62802
8.70493
9.55206
9.07227
4.22469
6.84221
7.69431
7.35981
7.83354
7.87756
8.01845
4.19486
4.7079
3.51756
4.99368
9.1393
3.81439
6.27171
7.57183
6.90196
7.90975
7.90975
9.40173
6.3829
5.36478
7.12874
5.34896
7.82744
7.93663
3.80594
10.89443
6.10559
8.2741
6.37136
5.48419
9.47355
9.30281
8.55957
6.87119
5.28824
8.92562
6.0302
3.78681
7.94541
3.80102
6.06035
5.10526
6.71713
7.79969
3.74787
5.34074
5.02753
4.00872
5.2947
9.53699
8.98841
6.75947
10.44481
6.00017
9.56254
9.56254
9.08035
9.56254
11.30541
9.56254
10.39652
9.58408
13.43443
13.43443
11.30541
12.4418
9.60178
13.1646
7.77334
9.56254
11.30541
10.39652
4.39881
11.30541
12.87794
12.87794
12.87794
12.87794
13.32278
13.08765
13.9455
7.23918
7.23918
7.23918
9.56254
10.2455
12.57029
10.9377
12.69206
7.37837
9.4806
9.4806
5.35425
7.4482
5.96666
9.47601
9.63148
6.57451
9.41227
5.24554
9.29205
9.21299
11.26626
10.24942
9.93863
8.17169
12.26226
10.64954
9.50234
10.8396
11.95668
8.18052
6.08562
3.59446
4.45544
3.13523
3.44446
8.57472
6.98668
8.33056
6.48077
8.97099
5.08029
7.37328
5.63058
8.55667
6.46536
8.47839
6.6969
8.45026
10.33688
9.08474
8.69513
8.70017
9.67932
7.14936
4.70257
4.15624
5.5304
6.54503
5.62466
7.15308
4.33398
4.42218
10.82741
8.05119
6.79812
3.70956
8.2815
5.76385
3.94387
6.71375
3.36269
8.94256
8.09122
5.60618
8.43712
4.47332
4.61746
3.78949
6.48234
6.28733
6.25627
6.46727
3.4584
5.46726
4.01985
5.47615
4.14081
3.32594
3.36627
7.90078
3.4063
8.62535
3.53635
6.15846
7.63299
6.80391
3.12414
9.90236
3.59108
7.12071
7.53827
4.06438
7.66735
7.25473
3.55107
8.75431
4.38667
5.63546
7.87248
8.05537
7.63756
6.72578
7.22965
8.37759
6.44263
7.69085
10.08791
4.48057
6.70894
11.45929
11.11006
6.62376
7.85864
5.47112
6.30239
8.4408
8.13876
5.12474
10.63801
7.442
9.69138
6.25936
4.71567
9.95948
3.26552
6.04055
3.46409
4.07064
8.01531
9.83901
5.46075
3.03206
7.48064
3.08613
8.7278
10.79774
4.50937
8.31515
3.94326
3.24321
3.49724
4.06552
5.44295
5.94369
6.06616
8.67458
8.74351
3.25833
5.41327
4.40282
5.24658
5.68269
5.08455
5.35425
6.24049
5.58191
3.41179
7.28834
6.9079
9.89844
6.95078
6.91499
5.53401
4.99196
7.31606
5.00003
6.72397
6.91881
8.78095
6.67936
5.6121
3.53804
12.07268
11.39163
10.31615
11.80066
4.28601
8.84271
8.56478
12.20362
10.27044
7.2579
8.46254
10.0652
7.58647
3.15542
6.48978
10.38457
6.98605
6.94091
7.66001
8.55779
8.22602
10.22674
10.0843
9.32332
7.70872
9.57674
8.54226
10.58903
3.29378
6.49692
8.41234
9.7126
9.95614
5.04964
5.82526
5.82333
7.77044
5.75641
6.83559
7.9373
5.56701
9.23073
11.8819
7.43954
12.55165
8.96708
8.10909
3.59108
3.80743
5.05382
6.09263
3.89854
4.0167
2.97277
4.30167
6.18492
4.17776
3.64252
4.40958
9.11768
6.92943
2.88129
3.63059
6.55259
7.52469
4.00655
7.26066
4.90283
8.24468
5.51631
4.74562
6.90551
7.76928
6.12051
4.23786
6.32276
4.22943
3.01031
4.15913
4.01589
7.32187
4.13135
8.28868
7.7236
5.49324
3.9025
8.15715
6.14321
8.6287
3.00456
6.13857
8.44698
7.34241
5.16076
6.18073
10.54828
5.91948
8.7488
5.47615
8.70861
5.75829
7.18647
5.85346
5.40096
3.28586
10.20438
7.01334
5.60412
5.24799
6.09701
7.5071
9.24639
3.55597
7.97941
6.44722
10.04302
7.10749
7.43395
6.87002
5.66779
4.53776
7.07877
8.46801
6.53318
3.0623
4.09572
5.78272
8.30354
8.02311
3.78375
8.49885
3.65288
3.84304
3.48239
7.1293
6.05135
10.20616
5.60273
10.10661
5.52083
8.05058
11.08694
6.11645
5.47291
5.38785
4.84329
8.82588
9.31354
8.02101
4.26506
8.6917
6.84455
7.11114
8.03932
6.67848
6.23134
3.73041
8.84387
5.69038
6.97631
6.32494
8.50694
4.87164
6.73074
8.93322
3.30016
3.74198
4.88519
8.84589
10.0413
7.80882
10.65846
9.10869
6.99516
8.6593
7.74017
7.44902
5.65942
3.72538
3.26223
3.07229
5.07459
5.962
8.51878
11.51177
9.68406
9.09249
6.70126
7.41102
6.5212
9.69138
5.4086
4.29308
7.27738
7.80321
6.21762
6.12431
8.33678
6.19367
6.88394
7.3337
5.70876
7.64419
7.80114
4.08407
5.24289
3.62974
3.18578
5.84599
6.90315
6.5061
3.15355
6.05737
9.26473
4.35909
5.8471
3.73277
4.10435
4.16996
3.50456
8.63988
3.27939
7.42412
6.50087
3.76472
5.43072
5.40651
5.29676
9.25455
6.85748
7.08344
5.84199
9.36168
8.52629
8.52629
3.94056
5.02542
3.97863
4.91499
5.75472
4.26506
3.6191
5.4653
4.92165
8.47495
3.0623
4.99368
6.58525
6.21362
7.31339
8.1618
3.66108
4.6502
3.6587
6.47018
4.68608
7.31686
3.82323
10.86763
8.80694
7.84774
3.26958
7.88386
6.74443
5.55492
6.48552
7.15853
9.84652
7.80321
4.47765
7.72921
7.68422
7.84315
4.03207
9.80394
3.42261
9.28192
4.11978
8.01962
10.73319
4.47901
11.60041
7.25895
6.47429
5.48206
5.45814
10.65607
5.93712
5.99824
9.219
9.53957
7.35026
7.76749
8.99168
8.15715
3.29711
3.57927
3.30787
3.88251
3.35235
3.20196
3.22766
6.61712
3.52314
8.64142
8.23382
8.80012
7.89634
3.44713
6.84752
7.07794
7.84315
5.04784
5.2193
6.72397
3.61678
5.89342
6.03232
6.03232
8.15192
7.83761
5.00497
6.20216
11.59477
10.06892
8.66567
7.05867
7.09873
8.14446
8.36454
6.11645
6.54739
6.78711
4.72983
10.20975
7.20462
7.39185
8.2975
3.57141
3.84988
3.87313
4.34996
6.74066
5.15129
5.70807
5.57504
4.65896
4.12909
4.49658
5.76182
5.95937
5.88977
10.70131
7.83354
7.69431
6.64832
9.76603
11.44415
7.47265
7.67011
2.98283
9.62896
3.73602
4.08851
3.43749
7.40065
6.58976
7.19635
7.33515
7.86915
6.92146
8.69287
3.35619
8.42981
5.17485
5.25045
3.79477
6.87941
8.34453
9.08035
4.1019
3.81439
6.38609
7.76424
8.0034
9.218
4.40362
8.18816
7.24399
9.08604
3.40758
5.90996
8.0324
4.92471
4.08735
5.58969
7.63154
4.55571
5.68269
9.25922
3.16983
3.89198
6.67522
5.88165
5.22474
3.95839
8.67271
7.11926
8.71454
5.17634
9.15662
5.80845
8.48119
6.09701
8.73167
4.17338
3.09403
3.39349
3.65288
7.42823
6.82611
4.19634
5.05217
8.08578
5.39142
3.56224
6.44951
6.40189
6.55542
10.23444
6.86683
5.68599
10.16321
5.71017
8.86576
7.28697
7.1924
4.67962
4.27109
6.05671
4.3318
4.26506
4.00467
6.94762
7.82923
5.23031
10.60309
4.95485
4.90961
5.0464
6.95078
3.69605
6.25434
9.29723
4.23547
7.7179
6.64619
6.92479
8.02311
6.60874
5.45743
5.36141
3.87053
7.34936
7.80556
3.41179
6.87525
7.25473
6.6423
8.3205
4.77727
7.69006
7.78512
4.968
4.85993
7.81704
6.72883
5.90534
4.20629
6.4183
4.68975
6.43138
9.17442
8.19231
3.68608
7.73284
9.99775
6.68061
3.54511
5.26641
6.67522
4.51957
5.15562
7.99942
7.95054
8.0887
7.31803
8.35811
8.10431
5.53902
6.57451
6.11301
3.70767
6.71521
4.5261
3.21644
3.6944
8.98661
8.01171
10.13287
7.4815
8.61717
7.64545
8.42202
7.21102
5.01392
3.4546
10.54117
8.23818
10.45516
7.46368
6.09969
4.02961
7.00604
7.67486
7.45402
7.40228
8.66229
8.48365
5.89776
9.13431
6.9797
7.63756
6.64952
9.96925
4.31976
6.91043
6.55079
6.69288
4.95795
6.14535
7.94268
2.9396
5.71825
6.06779
6.51203
7.78106
6.63208
4.52366
7.3948
4.77187
5.53902
3.91508
5.05382
3.936
3.1499
9.12576
7.92115
3.47839
6.27487
7.08086
7.30765
10.03454
6.8341
8.76334
7.76837
10.46886
5.43282
3.39277
6.27924
6.3356
9.5383
3.90639
7.33002
7.82477
10.0751
9.51661
8.96968
7.50082
5.64038
9.88606
7.91582
8.22985
6.01834
10.4932
7.21102
8.34191
6.81868
8.1865
6.77893
7.41266
5.8331
10.16962
10.30686
4.37944
6.86393
7.64226
8.74761
7.6386
9.88374
8.41746
10.88037
10.38916
8.06194
5.76709
9.86323
7.1428
8.56811
8.13343
7.5348
6.8384
9.83021
9.83021
3.60129
8.05891
6.17434
3.66585
9.40848
4.44232
3.63657
7.01865
8.49649
7.73738
7.16205
6.88394
7.14761
7.71469
4.36024
8.05891
8.07442
9.08965
8.7681
8.46096
7.66475
6.45278
6.89623
10.93257
5.21519
7.35815
10.10394
7.60149
6.92061
5.86
8.18144
9.10576
7.20318
4.45225
6.45937
4.28793
6.79445
8.5033
4.60098
4.04296
5.50592
5.82695
13.81498
13.29827
6.48552
9.71529
9.75561
5.90996
3.50933
6.8384
5.52597
8.60553
8.38525
9.1393
6.63503
4.19729
3.69244
5.61897
7.58023
8.38185
5.74413
8.83617
8.93826
8.89826
7.90078
7.62063
6.66025
6.60352
6.2005
4.39399
3.86362
9.29314
3.54453
6.27924
7.06323
8.03092
4.31355
4.28971
3.65288
5.2095
4.66916
4.68975
4.22265
9.43727
8.5704
3.33319
6.38609
5.70189
4.95282
8.27547
4.85288
3.4354
4.31976
4.02329
7.57796
3.83787
3.16983
4.67533
4.4312
4.37042
4.67802
3.09593
8.90597
6.7523
8.32718
4.11577
5.37782
5.77808
9.18726
5.17038
5.40204
9.41955
7.73473
7.67261
7.31968
6.54204
7.75622
6.08469
10.67734
8.76615
8.24826
8.42981
11.77643
11.0114
9.37045
3.60534
10.28655
8.84191
9.37154
5.48601
4.20431
9.16595
8.21401
8.30253
7.12386
8.64519
7.46097
3.64252
6.99335
3.00035
3.82635
6.71982
9.25012
6.16854
3.9025
3.92372
7.71042
6.00804
9.41729
7.07794
9.79185
3.24402
10.72213
5.62802
8.52884
6.3384
3.99605
7.59133
6.52914
4.0935
7.32449
8.29649
4.67006
6.83025
7.26386
9.30281
5.09369
4.77588
6.70417
3.20373
8.96885
7.48607
8.78702
6.58176
6.67292
5.80372
6.08731
7.52469
4.31707
7.60744
6.2736
4.97609
7.39044
7.50248
8.33293
5.64979
5.79333
6.20347
9.6302
8.29352
4.28168
9.29516
4.58133
7.67778
8.98982
7.67778
9.158
9.32184
7.4183
8.63683
6.26187
5.98195
9.6238
5.65243
4.86757
3.03206
3.74312
6.44101
7.76201
8.18245
6.24892
4.52822
3.32123
9.48863
8.54973
4.82087
7.45149
6.45341
4.2585
7.34241
6.54567
5.6421
7.39867
4.67533
5.93878
7.86742
10.18144
3.44255
8.07957
6.39074
7.76201
8.25894
8.82069
6.41549
4.1425
3.79751
7.22586
7.21324
6.75046
4.17609
7.8461
7.46944
9.83474
8.70307
4.33734
3.44713
6.84605
5.90534
5.18172
6.75046
6.48234
6.89241
8.22756
4.26506
4.99713
8.09375
5.5042
3.82768
9.47844
9.86986
7.43162
9.11919
7.92371
6.15913
7.66735
11.3197
8.31816
6.73372
6.85988
8.48119
6.59884
4.15154
7.34592
6.71063
4.6308
4.08226
3.92749
3.30856
3.85938
7.27158
3.26716
3.53635
3.60734
7.14189
3.82768
10.82176
5.22374
6.8485
5.58969
4.56781
5.83926
5.00497
6.27042
6.77375
9.49752
8.42558
6.46638
7.00409
9.11919
5.89409
9.50707
4.15913
3.59446
3.71948
6.21594
3.38507
7.98074
9.01322
5.17634
5.54919
4.75136
7.0865
3.33925
7.85168
8.59557
6.06779
7.11926
8.92055
4.07828
3.56798
10.19283
4.56066
3.44916
8.95162
7.42001
6.95825
10.08791
8.04629
7.97298
7.6254
7.27347
3.70654
4.87429
8.43712
9.13003
3.73602
8.40268
5.76709
9.02519
7.69834
4.97046
9.30695
3.96025
8.40132
4.75908
8.15508
4.41519
7.07678
5.82957
8.98452
6.48143
7.93857
6.61389
6.85629
8.32622
8.32222
6.26067
8.33293
4.46343
4.37042
3.43114
6.43138
5.38433
5.87279
10.15662
12.71247
12.40327
6.78801
8.32349
4.68608
11.40555
3.83147
6.44722
4.73936
9.46733
10.18519
9.9806
5.53902
5.2285
8.8916
5.25786
5.99442
4.27492
6.26256
4.55571
10.41309
8.46704
8.19985
4.57878
3.72404
7.27875
6.66114
6.79812
6.79927
5.81741
5.82333
7.36324
8.43903
3.62232
5.92706
4.09098
7.84209
4.76173
7.63378
8.31816
9.82591
11.27476
9.99342
8.99933
11.17714
11.00178
7.01334
9.19421
6.65787
8.25045
8.39826
4.01198
4.12556
6.62564
10.14367
3.05185
7.70254
10.08092
6.91971
11.08694
5.5415
8.66229
10.19649
9.68142
7.26714
12.81146
3.56396
7.57183
8.83617
9.31049
8.45949
5.6006
13.50752
13.36459
12.60384
9.93174
7.3658
10.87087
5.92175
8.92312
10.64564
7.17389
11.43414
9.77818
8.70493
8.95607
7.93415
7.1924
8.31382
9.45335
8.10239
10.29052
8.85366
9.82805
9.30845
7.09309
11.22877
10.17527
4.84957
7.70426
6.29725
9.04753
7.05563
5.65243
8.97273
9.0544
6.64005
7.6232
7.2177
8.38702
10.34606
5.68269
9.05262
9.40675
7.10939
6.60124
3.80594
8.4715
7.68215
5.75307
5.17412
4.11857
8.29097
8.59924
7.16415
5.31802
6.62469
6.43259
9.72786
7.16716
10.07064
8.52013
4.63998
3.70495
10.04535
5.14354
6.79692
11.89559
9.02748
6.44418
9.39844
7.92028
5.07459
8.37759
7.40145
6.39808
9.9138
4.23269
4.72374
3.78476
4.72374
3.78476
4.72374
4.16165
4.23269
4.23269
3.40883
3.08857
4.01827
2.86568
3.96859
2.93416
6.41331
8.27104
4.29776
4.13897
6.96922
5.03272
3.49821
4.02641
7.07129
7.79211
4.51376
6.80391
7.12126
8.9761
7.53913
3.98779
3.51994
7.0015
8.23624
6.28323
4.08851
7.55626
8.71806
6.99392
8.67947
3.6587
3.62232
3.64859
4.69999
5.77114
6.63879
10.95664
10.90925
9.59094
10.5006
11.28386
12.33603
12.33603
11.16379
4.69118
7.94268
8.06992
8.22001
7.19748
7.18199
8.21904
6.16654
8.42706
5.31508
3.19963
9.65519
11.03982
7.75358
8.34955
3.94602
7.79692
10.26445
6.62802
7.87489
8.54865
5.7002
3.77274
6.17715
8.46602
5.20582
7.88047
4.89186
3.94715
8.88213
6.02131
6.53937
6.72272
6.25692
8.60553
8.47216
6.83614
9.50234
8.99168
3.59596
6.68487
3.27519
6.02131
7.64794
8.09666
7.95319
9.85189
3.04874
7.29896
3.91016
3.81846
9.19749
6.15713
6.68901
3.48781
8.0443
8.81588
8.72391
4.21138
3.10315
3.71894
6.77143
8.20116
10.51012
5.16486
5.49815
5.24554
8.62457
7.16658
5.67848
9.19421
10.77937
6.8808
11.14273
9.25555
7.41512
5.91425
8.12396
7.77121
5.93978
3.82473
6.59313
5.79958
10.38111
10.61366
6.72725
9.15932
9.5822
4.93583
6.2682
8.25894
11.19189
9.04435
6.14663
8.37626
6.80743
5.50099
5.61327
7.5051
4.06985
6.07687
6.65384
4.12909
8.29553
3.19229
4.1075
5.79958
11.42929
3.05704
7.43876
5.89277
4.91086
10.08267
6.87119
3.38507
5.722
4.69999
4.16553
3.43909
4.34834
7.11262
4.54284
3.63269
3.29527
6.30239
3.46215
10.39233
9.50943
5.95047
7.17042
10.63518
7.51957
7.9659
7.14761
7.48717
9.06489
9.22328
8.99469
8.5834
8.61717
3.84672
7.6869
10.15483
7.21943
8.60949
9.09892
7.35563
8.25166
3.64607
4.4454
8.36715
9.3586
4.44807
5.63265
6.9744
6.55867
6.63306
11.05098
6.80743
9.20494
7.43395
7.86915
6.99977
4.11378
10.07935
6.94762
6.07069
9.80394
7.75877
10.11998
5.80671
4.62369
7.09696
7.61033
8.68594
8.27881
7.54497
5.73642
9.43443
9.00467
4.80088
7.08221
4.66145
7.75193
9.21094
6.13466
7.65046
7.54949
6.82611
7.19414
5.6955
5.95175
6.51576
8.35576
6.2186
7.49596
6.07069
7.26906
7.35898
7.1888
7.9635
5.43668
8.23488
9.15038
7.33844
6.34498
9.06865
6.85382
9.7896
7.07566
6.78074
4.90786
4.37595
6.61564
7.1696
8.96163
7.43565
3.73041
4.6473
6.29272
4.73293
6.48463
3.14531
6.00998
4.14957
4.0491
6.00377
3.8998
3.42261
5.64306
6.34592
7.19357
4.94858
4.38091
4.50937
4.26506
7.51222
9.14793
6.75536
4.1639
6.32624
10.30472
3.53984
7.33228
6.66356
5.34146
6.29365
8.37438
5.02542
7.28451
4.97224
8.65546
10.90263
6.39969
7.68485
3.77844
4.25556
3.58412
7.44347
4.43474
8.55957
3.15542
7.2208
7.02931
9.57984
5.2193
10.70531
6.26067
8.35265
7.5272
9.90609
7.13045
6.46279
5.15562
5.31448
9.15512
3.35107
3.74419
3.86092
6.13053
6.57884
7.21428
9.6957
8.63764
9.38349
6.18624
9.20798
7.69632
6.11207
7.53827
8.93944
4.98427
7.55741
7.10672
7.51278
5.05873
7.74494
7.44622
6.13229
6.53772
7.33898
3.39968
5.43282
8.58045
3.58097
5.83591
9.96617
10.01761
10.0388
10.7446
9.38016
8.97442
11.45404
10.50291
7.67261
10.09228
5.63265
5.08676
3.23705
8.57834
5.58969
8.49885
6.46852
7.99707
7.43876
3.66585
7.12248
6.61075
6.3356
7.19067
5.82462
3.42261
5.56875
3.1641
6.96545
6.25335
6.98255
6.0422
4.89734
7.4183
8.09527
3.24036
4.3159
5.58191
8.03431
6.50458
7.37642
7.56487
7.43221
5.8331
8.57618
7.5902
5.64578
7.76567
6.87411
7.40654
3.35333
5.51738
7.4482
3.6587
8.67947
5.89141
5.0313
6.58525
3.6133
7.43015
8.37297
8.84987
8.60149
5.06053
5.19391
5.04362
7.1696
7.63046
9.28948
7.72019
3.87933
3.91689
6.46056
8.20903
5.7592
7.44682
4.23665
5.98195
6.25747
4.45008
7.09554
3.32594
7.30999
5.53263
6.6969
3.34045
4.6842
7.8851
7.18736
4.23991
9.22469
3.56396
3.74121
4.3818
5.56971
6.0697
6.6549
5.95607
5.9314
4.19486
6.54654
8.62375
7.1573
9.80179
5.47827
6.81416
7.78512
4.76108
7.4085
3.79323
5.39313
5.99923
4.77478
7.11262
7.43015
6.89999
7.58647
7.03347
6.22492
4.77947
5.85106
7.23589
8.13876
3.39553
6.12899
7.52635
5.99442
3.93739
6.96386
8.66229
6.60062
5.79485
4.29573
4.88954
5.76453
6.15055
6.58176
8.63379
7.41686
4.19486
6.14764
6.58386
4.35641
5.79768
10.15849
3.22766
7.77531
8.75822
6.46056
7.78633
3.73602
3.53239
4.35251
3.28426
6.35565
4.57878
6.12773
5.16486
8.19862
5.45176
8.85932
7.65046
5.87109
5.60554
5.4176
7.19067
7.71098
7.8233
7.5754
6.62802
8.58597
6.42386
8.03768
6.13688
8.33056
3.66053
4.67372
6.1444
7.50082
7.08812
3.94056
3.66371
7.32891
5.50742
7.56605
6.86683
8.46869
6.79692
6.50087
6.27487
4.22265
5.62149
7.07415
6.77738
5.59667
3.79915
3.73882
6.63208
5.61897
7.69263
7.13798
3.50933
3.30242
4.84157
7.92461
7.82029
3.04231
8.11131
3.52372
8.30523
7.6254
4.20431
5.77384
6.78074
6.9319
6.47138
5.90005
5.17239
3.22564
4.87365
7.12529
6.94874
6.47138
5.86534
3.15953
7.45149
7.13096
3.2302
5.90243
3.56798
3.41493
5.4075
5.3461
3.80411
4.74276
8.35576
4.82087
4.92576
3.41958
5.30482
3.96482
5.63618
7.19464
6.64065
6.91043
6.26645
7.22342
6.76213
9.37864
3.22766
6.90551
7.23275
3.84774
4.14786
6.11645
8.92055
5.58969
6.31616
5.38995
5.65942
6.81595
3.63269
6.16975
8.46704
3.57639
6.06446
8.66793
3.63269
6.07881
7.33598
4.79823
3.14631
3.22766
5.60871
7.3948
3.4584
7.2906
6.33968
7.3948
4.22943
6.94239
4.97161
6.89822
3.08405
5.5148
6.53444
6.27679
7.66176
6.31616
6.13053
9.82083
6.83985
8.74471
8.37297
5.16882
3.48447
7.04286
3.31707
3.06964
6.43397
7.91275
5.00842
7.82182
5.28824
9.97745
3.80929
7.13262
7.17784
5.15779
8.31044
